0 0.9364161843750001 0.0722379609375 0.8627167625000001 0.06232294687499999 0.5447976875 0.0651558078125 0.10838150312499999 0.073654390625 0.07947976875 0.08215297499999999 0.0664739890625 0.1062322953125 0.060693642187499994 0.2592067984375 0.0664739890625 0.9164305953125 0.09393063593749999 0.926345609375 0.1286127171875 0.9008498578124999 0.14884393125 0.9008498578124999 0.1893063578125 0.93201133125 0.86416185 0.939093484375 0.9234104046875 0.9348441921875 0.9421965312499999 0.9050991500000001 0.947976878125 0.1033994328125 0.9364161843750001 0.0722379609375
1 0.2817919078125 0.2181303109375 0.197976878125 0.23796034062500002 0.1734104046875 0.28470255 0.1791907515625 0.3130311609375 0.197976878125 0.331444759375 0.24710982656249997 0.371104815625 0.265895953125 0.372521246875 0.300578034375 0.3555240796875 0.317919075 0.2875354109375 0.312138728125 0.2393767703125 0.2817919078125 0.2181303109375
1 0.3713872828125 0.25495750781250004 0.346820809375 0.2790368265625 0.346820809375 0.3215297453125 0.368497109375 0.3484419265625 0.4132947984375 0.3555240796875 0.44219653125 0.32719546718750003 0.44219653125 0.28470255 0.4089595375 0.2521246453125 0.3713872828125 0.25495750781250004
1 0.1372832375 0.35977337187499997 0.10982658906250001 0.386685553125 0.106936415625 0.41501416406249997 0.154624278125 0.4504249296875 0.1907514453125 0.44900849843749996 0.2312138734375 0.4235127484375 0.23410404687500003 0.383852690625 0.19219653125 0.3512747875 0.1372832375 0.35977337187499997
1 0.290462428125 0.385269121875 0.2630057796875 0.40651558125 0.26011560624999996 0.4433427765625 0.28757225468750003 0.467422096875 0.312138728125 0.466005665625 0.3323699421875 0.45467422031250004 0.3439306359375 0.42067988593749994 0.325144509375 0.39093484375 0.290462428125 0.385269121875
1 0.40028901718750004 0.3824362609375 0.36994219687499996 0.4036827203125 0.36127167656250003 0.45467422031250004 0.3945086703125 0.49008498593749994 0.4393063578125 0.49150141718749996 0.47109826562499996 0.46033994375000004 0.47109826562499996 0.41784702500000004 0.44364161874999997 0.38810198281249997 0.40028901718750004 0.3824362609375
1 0.0881502890625 0.28045325781249997 0.0693641625 0.29603399375 0.0664739890625 0.32719546718750003 0.0823699421875 0.345609065625 0.106936415625 0.34985835625 0.13005780312499998 0.3356940515625 0.13583815 0.3016997171875 0.11416185000000001 0.28045325781249997 0.0881502890625 0.28045325781249997
1 0.5997109828125 0.1303116140625 0.5361271671875001 0.1331444765625 0.5057803468750001 0.154390934375 0.5 0.2195467421875 0.5101156062500001 0.2322946171875 0.5375722546875 0.23087818750000003 0.573699421875 0.21529745 0.606936415625 0.17988668593749998 0.6127167625000001 0.1458923515625 0.5997109828125 0.1303116140625
1 0.6083815031250001 0.25779036875 0.5780346828125 0.276203965625 0.5693641625 0.30736543906249997 0.585260115625 0.3342776203125 0.62427745625 0.34419263437500003 0.653179190625 0.330028328125 0.6618497109375 0.290368271875 0.6372832374999999 0.2606232296875 0.6083815031250001 0.25779036875
1 0.7991329484375 0.331444759375 0.7355491328125 0.3201133140625 0.69364161875 0.3356940515625 0.6589595375 0.437677053125 0.6806358375 0.4617563734375 0.7138728328124999 0.466005665625 0.7427745671875 0.44900849843749996 0.7716763 0.3951841359375 0.8063583812499999 0.358356940625 0.7991329484375 0.331444759375
1 0.7731213875 0.492917846875 0.7124277453125 0.49858356875 0.682080925 0.5254957499999999 0.676300578125 0.5594900843749999 0.687861271875 0.5906515578125 0.7254335265625 0.607648725 0.7586705203124999 0.5977337109375 0.789017340625 0.562322946875 0.7919075140625 0.51416430625 0.7731213875 0.492917846875
1 0.8453757218750001 0.127478753125 0.7919075140625 0.154390934375 0.7803468203125 0.202549575 0.7991329484375 0.2322946171875 0.8526011562500001 0.2393767703125 0.8988439312500001 0.208215296875 0.9075144515625 0.177053825 0.88583815 0.141643059375 0.8453757218750001 0.127478753125
1 0.8656069359374999 0.3087818703125 0.8381502890625001 0.32436260625 0.8323699421875 0.3555240796875 0.8511560687499999 0.37960340000000004 0.881502890625 0.3810198296875 0.9017341046875 0.36968838593750003 0.9075144515625 0.3356940515625 0.8945086703125 0.31728045312500003 0.8656069359374999 0.3087818703125
1 0.7861271671875001 0.41784702500000004 0.7875722546875 0.4617563734375 0.8554913296875 0.47450425 0.8959537578125 0.45184135937500003 0.8945086703125 0.40509915 0.8424855484375 0.3937677046875 0.7861271671875001 0.41784702500000004
1 0.8222543359375001 0.5580736546875 0.8034682078125 0.5849858359375 0.812138728125 0.607648725 0.8424855484375 0.6288951843749999 0.87572254375 0.6303116140625 0.910404625 0.6048158640625 0.8988439312500001 0.5594900843749999 0.8771676296875001 0.546742209375 0.8222543359375001 0.5580736546875
1 0.87427745625 0.6713881015625 0.83092485625 0.6713881015625 0.7947976875 0.7067988671875 0.789017340625 0.75779036875 0.8135838156249999 0.790368271875 0.881502890625 0.803116146875 0.8973988437499999 0.79886685625 0.916184971875 0.771954675 0.9132947984375 0.7209631734374999 0.87427745625 0.6713881015625
1 0.3829479765625 0.7733711046875 0.2947976875 0.817280453125 0.2919075140625 0.8371104812500001 0.30780346875000003 0.8526912187500001 0.37427745625000003 0.8838526906249999 0.41618497187500003 0.8881019828125 0.43641618437499996 0.8682719546875 0.43641618437499996 0.8257790375 0.414739884375 0.77053824375 0.3829479765625 0.7733711046875
1 0.62572254375 0.804532578125 0.5982658953125 0.822946175 0.5867052015625001 0.859773371875 0.61416185 0.9008498578124999 0.6445086703125 0.9050991500000001 0.682080925 0.885269121875 0.69364161875 0.8512747875000001 0.66907514375 0.8101983 0.62572254375 0.804532578125
1 0.6806358375 0.708215296875 0.6676300578125 0.7266288953125 0.676300578125 0.7691218125 0.7008670515625 0.790368271875 0.7312138734375 0.788951840625 0.745664740625 0.7691218125 0.7398843937499999 0.7322946171875 0.7153179187500001 0.708215296875 0.6806358375 0.708215296875
1 0.51156069375 0.7662889515625 0.5086705203124999 0.791784703125 0.5216763 0.8073654390625 0.563583815625 0.81161473125 0.6271676296875001 0.7747875359374999 0.6228323703124999 0.7393767703125 0.567919075 0.7337110484375 0.51156069375 0.7662889515625
1 0.4291907515625 0.6458923515625 0.393063584375 0.67563739375 0.38728323750000004 0.709631728125 0.4089595375 0.7308781875 0.44508670468749995 0.7322946171875 0.4739884390625 0.71529745 0.4855491328125 0.6728045328125 0.4580924859375 0.6458923515625 0.4291907515625 0.6458923515625
1 0.5419075140625 0.6203966000000001 0.5144508671875 0.6444759203125 0.5173410406250001 0.6671388109375 0.5419075140625 0.6912181296875 0.5780346828125 0.695467421875 0.60115606875 0.6784702546875 0.5982658953125 0.64730878125 0.5765895953125 0.6232294625 0.5419075140625 0.6203966000000001
1 0.12572254375 0.45325779062500005 0.089595375 0.4773371109375 0.083815028125 0.5084985828125 0.10260115624999999 0.532577903125 0.14739884375 0.5368271953125 0.1791907515625 0.5169971671875 0.182080925 0.48300283281249995 0.154624278125 0.45609065156249995 0.12572254375 0.45325779062500005
1 0.2066473984375 0.55524079375 0.1791907515625 0.573654390625 0.17052023125 0.607648725 0.1893063578125 0.6288951843749999 0.2254335265625 0.6303116140625 0.25144508593750003 0.613314446875 0.26011560624999996 0.5849858359375 0.244219653125 0.5637393765625001 0.2066473984375 0.55524079375
1 0.14884393125 0.79886685625 0.09826589531249999 0.831444759375 0.095375721875 0.8682719546875 0.1271676296875 0.8767705375 0.1791907515625 0.8484419265625001 0.2023121390625 0.817280453125 0.1950867046875 0.79886685625 0.14884393125 0.79886685625
1 0.1575144515625 0.66288951875 0.13583815 0.681303115625 0.1329479765625 0.70396600625 0.14884393125 0.728045325 0.1734104046875 0.7322946171875 0.199421965625 0.7181303109375 0.20520231249999998 0.6869688390625 0.19219653125 0.668555240625 0.1575144515625 0.66288951875
1 0.106936415625 0.59348441875 0.12283237031250001 0.60906515625 0.141618496875 0.607648725 0.1589595375 0.573654390625 0.12572254375 0.55524079375 0.106936415625 0.573654390625 0.106936415625 0.59348441875
1 0.2731213875 0.5977337109375 0.254335259375 0.613314446875 0.25144508593750003 0.6331444765625001 0.26156069375 0.6515580734374999 0.289017340625 0.6529745046875 0.3092485546875 0.6359773375 0.312138728125 0.616147309375 0.29624277499999996 0.5977337109375 0.2731213875 0.5977337109375
1 0.504335259375 0.532577903125 0.482658959375 0.5538243625 0.4855491328125 0.5793201140625001 0.5101156062500001 0.5977337109375 0.540462428125 0.5963172796875 0.5606936421875 0.5793201140625001 0.55780346875 0.548158640625 0.5361271671875001 0.5297450421875001 0.504335259375 0.532577903125
1 0.4552023125 0.6345609062500001 0.4768786125 0.6359773375 0.4913294796875 0.6104815859375 0.46098265937500005 0.5920679890625 0.44508670468749995 0.6189801703125 0.4552023125 0.6345609062500001
1 0.495664740625 0.41926345625000006 0.4913294796875 0.44900849843749996 0.5028901734375 0.4716713875 0.546242775 0.48866855468750003 0.5664739890625 0.4716713875 0.55780346875 0.4348441921875 0.53323699375 0.4164305953125 0.495664740625 0.41926345625000006
1 0.414739884375 0.512747875 0.393063584375 0.5311614734375001 0.3901734109375 0.5538243625 0.41763005781249996 0.5835694046875 0.4393063578125 0.582152975 0.459537571875 0.56798866875 0.46531791875 0.5368271953125 0.4407514453125 0.512747875 0.414739884375 0.512747875
1 0.3482658953125 0.5665722375 0.32947976875 0.582152975 0.3265895953125 0.601983003125 0.3367052015625 0.6203966000000001 0.36416185 0.627478753125 0.3843930640625 0.613314446875 0.3901734109375 0.5906515578125 0.37427745625000003 0.5694050984375 0.3482658953125 0.5665722375
1 0.2933526015625 0.0793201140625 0.2803468203125 0.0977337109375 0.28323699375 0.1203966 0.2991329484375 0.1331444765625 0.3265895953125 0.1317280453125 0.346820809375 0.114730878125 0.346820809375 0.089235128125 0.3193641625 0.073654390625 0.2933526015625 0.0793201140625
1 0.30635838125000003 0.7237960343750001 0.30635838125000003 0.7464589234375001 0.32225433593749997 0.762039659375 0.346820809375 0.7606232296875 0.358381503125 0.7266288953125 0.345375721875 0.711048159375 0.325144509375 0.708215296875 0.30635838125000003 0.7237960343750001
1 0.4696531796875 0.8328611890625 0.45375722500000004 0.8626062328125 0.4566473984375 0.89093484375 0.47543352656250004 0.9036827203125 0.51156069375 0.9022662890625 0.5433526015625 0.8796034 0.540462428125 0.8541076484375001 0.5014450859374999 0.8300283281249999 0.4696531796875 0.8328611890625
1 0.3482658953125 0.1841359765625 0.32947976875 0.2053824359375 0.32947976875 0.222379603125 0.345375721875 0.23796034062500002 0.36994219687499996 0.236543909375 0.3843930640625 0.2252124640625 0.38728323750000004 0.202549575 0.3713872828125 0.1841359765625 0.3482658953125 0.1841359765625
1 0.6170520234375 0.5382436265625 0.5982658953125 0.5538243625 0.5982658953125 0.5764872515625 0.6112716765624999 0.5920679890625 0.63583815 0.5963172796875 0.6560693640624999 0.582152975 0.6589595375 0.5594900843749999 0.64884393125 0.5439093484375 0.6170520234375 0.5382436265625
1 0.3771676296875 0.08215297499999999 0.3670520234375 0.11756373906249999 0.3829479765625 0.1303116140625 0.41040462499999997 0.128895184375 0.42774566406250003 0.114730878125 0.424855490625 0.089235128125 0.40028901718750004 0.0764872515625 0.3771676296875 0.08215297499999999
1 0.176300578125 0.1317280453125 0.1893063578125 0.15014164375 0.2138728328125 0.1515580734375 0.22832370000000002 0.13739376718750002 0.2254335265625 0.114730878125 0.1893063578125 0.101983003125 0.176300578125 0.1317280453125
1 0.0722543359375 0.1940509921875 0.09826589531249999 0.2053824359375 0.1127167625 0.1940509921875 0.1127167625 0.177053825 0.085260115625 0.1643059484375 0.0722543359375 0.1940509921875
1 0.6950867046875 0.643059490625 0.6791907515625 0.6529745046875 0.6734104046875 0.67563739375 0.6893063578125 0.6997167140625 0.710982659375 0.70113314375 0.7283237 0.6898017000000001 0.734104046875 0.6643059484375 0.7153179187500001 0.643059490625 0.6950867046875 0.643059490625
1 0.6098265890625 0.6388101984375 0.6416184968749999 0.64730878125 0.6560693640624999 0.6303116140625 0.653179190625 0.616147309375 0.6199421968750001 0.6062322953125 0.6098265890625 0.6388101984375
1 0.25289017343750003 0.6940509921875 0.2369942203125 0.7067988671875 0.23410404687500003 0.737960340625 0.25289017343750003 0.762039659375 0.2687861265625 0.763456090625 0.2919075140625 0.7436260625 0.2976878609375 0.7209631734374999 0.28468208125 0.696883853125 0.25289017343750003 0.6940509921875
1 0.11416185000000001 0.74220963125 0.095375721875 0.7549575078124999 0.0924855484375 0.7804532578125001 0.1054913296875 0.79886685625 0.1271676296875 0.8002832859375 0.1445086703125 0.7861189796875 0.14739884375 0.7662889515625 0.1401734109375 0.750708215625 0.11416185000000001 0.74220963125
1 0.2312138734375 0.8682719546875 0.2369942203125 0.8427762046874999 0.20953757187500002 0.8356940515625 0.2023121390625 0.859773371875 0.2312138734375 0.8682719546875
1 0.47832369999999996 0.23796034062500002 0.4566473984375 0.2592067984375 0.459537571875 0.28470255 0.472543353125 0.29745042499999996 0.5 0.29886685625 0.5173410406250001 0.2818696890625 0.5173410406250001 0.2535410765625 0.4985549140625 0.23796034062500002 0.47832369999999996 0.23796034062500002
1 0.5361271671875001 0.31161473125 0.5173410406250001 0.34419263437500003 0.53323699375 0.36543909375 0.552023121875 0.3668555234375 0.5693641625 0.35269121875 0.5722543359375 0.330028328125 0.5592485546875 0.31444759218749996 0.5361271671875001 0.31161473125
1 0.58092485625 0.36968838593750003 0.5780346828125 0.398016996875 0.5997109828125 0.41926345625000006 0.6213872828125 0.41784702500000004 0.6416184968749999 0.398016996875 0.6416184968749999 0.3753541078125 0.6054913296875 0.3541076484375 0.58092485625 0.36968838593750003
1 0.6127167625000001 0.6841359765624999 0.6127167625000001 0.70396600625 0.6445086703125 0.7209631734374999 0.6676300578125 0.6898017000000001 0.6517341046875 0.668555240625 0.6286127171875 0.668555240625 0.6127167625000001 0.6841359765624999
1 0.6517341046875 0.155807365625 0.6329479765625 0.168555240625 0.6271676296875001 0.1997167140625 0.64884393125 0.223796034375 0.6734104046875 0.222379603125 0.69364161875 0.1997167140625 0.69364161875 0.17422096250000002 0.6806358375 0.15864022656250001 0.6517341046875 0.155807365625
1 0.660404625 0.0793201140625 0.6286127171875 0.0849858359375 0.618497109375 0.100566571875 0.6213872828125 0.1232294625 0.6502890171875 0.13739376718750002 0.66907514375 0.1331444765625 0.6849710984375 0.1118980171875 0.6791907515625 0.0920679890625 0.660404625 0.0793201140625
1 0.7182080921875 0.11898017031250001 0.6965317921875 0.13739376718750002 0.69364161875 0.154390934375 0.703757225 0.17563739375 0.7369942203125001 0.182719546875 0.7572254328125 0.1657223796875 0.7601156062500001 0.140226628125 0.7442196531249999 0.12181303125000001 0.7182080921875 0.11898017031250001
1 0.6170520234375 0.48441926406249997 0.606936415625 0.5028328609375 0.6127167625000001 0.519830028125 0.6445086703125 0.5283286125 0.6589595375 0.51416430625 0.6560693640624999 0.49150141718749996 0.6372832374999999 0.478753540625 0.6170520234375 0.48441926406249997
1 0.2861271671875 0.1657223796875 0.2861271671875 0.1855524078125 0.2991329484375 0.1983002828125 0.317919075 0.196883853125 0.3323699421875 0.177053825 0.32947976875 0.16288951875 0.2991329484375 0.1529745046875 0.2861271671875 0.1657223796875
1 0.414739884375 0.1926345609375 0.3959537578125 0.208215296875 0.3959537578125 0.23087818750000003 0.414739884375 0.2464589234375 0.4335260109375 0.2450424921875 0.4508670515625 0.2252124640625 0.447976878125 0.211048159375 0.43497109843750004 0.195467421875 0.414739884375 0.1926345609375
1 0.335260115625 0.1657223796875 0.3554913296875 0.17988668593749998 0.3728323703125 0.1600566578125 0.36271676249999996 0.1444759203125 0.345375721875 0.1444759203125 0.335260115625 0.1657223796875
1 0.4017341046875 0.1572237953125 0.40751445156250005 0.17988668593749998 0.4393063578125 0.1855524078125 0.45375722500000004 0.1713881015625 0.4508670515625 0.14872521249999998 0.414739884375 0.1388101984375 0.4017341046875 0.1572237953125
1 0.7182080921875 0.2322946171875 0.7023121390625 0.24220963125 0.6965317921875 0.264872521875 0.7124277453125 0.28328611875 0.7312138734375 0.28470255 0.7485549140625001 0.27053824375 0.7514450859374999 0.250708215625 0.73843930625 0.23512747812499998 0.7182080921875 0.2322946171875
1 0.8005780343750001 0.27053824375 0.8005780343750001 0.290368271875 0.8135838156249999 0.303116146875 0.8352601156249999 0.3016997171875 0.8497109828125 0.27053824375 0.833815028125 0.25495750781250004 0.8164739890625 0.25495750781250004 0.8005780343750001 0.27053824375
1 0.8728323703124999 0.24787535468750002 0.8670520234374999 0.2818696890625 0.8829479765625001 0.303116146875 0.9046242781249999 0.3016997171875 0.91907514375 0.290368271875 0.9277456640624999 0.2563739375 0.8973988437499999 0.2322946171875 0.8728323703124999 0.24787535468750002
1 0.7630057796874999 0.2252124640625 0.7716763 0.2053824359375 0.7442196531249999 0.1983002828125 0.7398843937499999 0.222379603125 0.7630057796874999 0.2252124640625
1 0.817919075 0.86543909375 0.83092485625 0.8838526906249999 0.8497109828125 0.885269121875 0.8699421968750001 0.8682719546875 0.8670520234374999 0.8484419265625001 0.83092485625 0.8385269125000001 0.817919075 0.86543909375
1 0.7427745671875 0.8456090656249999 0.7427745671875 0.86543909375 0.7687861265625 0.8796034 0.7861271671875001 0.871104815625 0.789017340625 0.8456090656249999 0.7586705203124999 0.8328611890625 0.7427745671875 0.8456090656249999
1 0.754335259375 0.7861189796875 0.7514450859374999 0.8059490078125 0.7745664734375 0.8201133140625 0.7947976875 0.8087818703125 0.7947976875 0.788951840625 0.7702312140625 0.7762039656249999 0.754335259375 0.7861189796875
1 0.5317919078125 0.100566571875 0.55780346875 0.1203966 0.5751445093750001 0.10906515624999999 0.5780346828125 0.0920679890625 0.550578034375 0.0764872515625 0.5317919078125 0.100566571875
1 0.4739884390625 0.0977337109375 0.4768786125 0.11756373906249999 0.5086705203124999 0.1232294625 0.5231213875 0.0977337109375 0.5130057796874999 0.08215297499999999 0.48988439375 0.0793201140625 0.4739884390625 0.0977337109375
1 0.482658959375 0.168555240625 0.4913294796875 0.14872521249999998 0.4696531796875 0.141643059375 0.46242774531249997 0.1572237953125 0.482658959375 0.168555240625
1 0.13583815 0.2450424921875 0.141618496875 0.222379603125 0.119942196875 0.2181303109375 0.1156069359375 0.2393767703125 0.13583815 0.2450424921875
1 0.106936415625 0.2677053828125 0.1127167625 0.250708215625 0.09393063593749999 0.24362606250000002 0.089595375 0.264872521875 0.106936415625 0.2677053828125
1 0.2991329484375 0.521246459375 0.317919075 0.5254957499999999 0.335260115625 0.5028328609375 0.31358381562500004 0.48441926406249997 0.2919075140625 0.5028328609375 0.2991329484375 0.521246459375
1 0.2312138734375 0.5113314453125 0.2572254328125 0.5254957499999999 0.2745664734375 0.51416430625 0.2745664734375 0.494334278125 0.24710982656249997 0.48158640156250004 0.2312138734375 0.5113314453125
1 0.346820809375 0.5 0.3439306359375 0.519830028125 0.36994219687499996 0.5368271953125 0.3901734109375 0.5254957499999999 0.393063584375 0.5084985828125 0.36271676249999996 0.48725212500000004 0.346820809375 0.5
1 0.1156069359375 0.64730878125 0.1387283234375 0.6614730875 0.15317919062500002 0.6529745046875 0.1560693640625 0.6331444765625001 0.131502890625 0.6203966000000001 0.1156069359375 0.64730878125
1 0.7745664734375 0.6671388109375 0.7976878609375 0.67563739375 0.812138728125 0.6586402265625 0.790462428125 0.640226628125 0.7745664734375 0.6501416437499999 0.7745664734375 0.6671388109375
1 0.4855491328125 0.72946175625 0.4985549140625 0.7450424921875001 0.5202312140625 0.7436260625 0.5375722546875 0.7124645890625 0.5245664734375 0.6997167140625 0.504335259375 0.6997167140625 0.4855491328125 0.72946175625
1 0.46387283281249997 0.79886685625 0.482658959375 0.797450425 0.49421965312499994 0.771954675 0.46387283281249997 0.7592067984375 0.45375722500000004 0.7861189796875 0.46387283281249997 0.79886685625
1 0.2485549140625 0.817280453125 0.26011560624999996 0.791784703125 0.232658959375 0.7818696890625 0.2254335265625 0.8087818703125 0.2485549140625 0.817280453125
1 0.3034682078125 0.5651558078125001 0.32947976875 0.573654390625 0.3410404625 0.548158640625 0.325144509375 0.535410765625 0.3106936421875 0.5382436265625 0.3034682078125 0.5651558078125001
1 0.3265895953125 0.6898017000000001 0.3323699421875 0.6586402265625 0.30202312187499997 0.6543909343750001 0.2976878609375 0.6841359765624999 0.3265895953125 0.6898017000000001
1 0.3670520234375 0.681303115625 0.3786127171875 0.6586402265625 0.3540462421875 0.6487252125 0.3439306359375 0.6699716718750001 0.3670520234375 0.681303115625
1 0.87572254375 0.48300283281249995 0.87572254375 0.5028328609375 0.9046242781249999 0.51416430625 0.91907514375 0.48583569375 0.9089595375 0.47308781875 0.8887283234375 0.47308781875 0.87572254375 0.48300283281249995
1 0.9219653171875001 0.6643059484375 0.9335260109375 0.64730878125 0.9089595375 0.6317280453125 0.8988439312500001 0.6558073656250001 0.9219653171875001 0.6643059484375
1 0.10115606875000001 0.1232294625 0.10982658906250001 0.10906515624999999 0.0910404625 0.101983003125 0.0867052015625 0.11756373906249999 0.10115606875000001 0.1232294625
1 0.1127167625 0.6983002828125 0.1156069359375 0.6784702546875 0.0997109828125 0.6742209625 0.095375721875 0.695467421875 0.1127167625 0.6983002828125
1 0.2861271671875 0.9022662890625 0.2947976875 0.8824362609374999 0.2731213875 0.872521246875 0.2630057796875 0.8937677046875001 0.2861271671875 0.9022662890625
1 0.583815028125 0.5368271953125 0.595375721875 0.51416430625 0.5708092484375 0.50141643125 0.55780346875 0.5254957499999999 0.583815028125 0.5368271953125
1 0.2947976875 0.803116146875 0.3034682078125 0.78328611875 0.2817919078125 0.7733711046875 0.2745664734375 0.8002832859375 0.2947976875 0.803116146875
1 0.21676300624999997 0.9079320109375001 0.222543353125 0.89093484375 0.2008670515625 0.8838526906249999 0.19364161875000002 0.9050991500000001 0.21676300624999997 0.9079320109375001
1 0.17052023125 0.7691218125 0.18786127187499999 0.7804532578125001 0.199421965625 0.7747875359374999 0.199421965625 0.75779036875 0.1835260109375 0.750708215625 0.17052023125 0.7691218125
1 0.5606936421875 0.4093484421875 0.5722543359375 0.383852690625 0.5476878609375 0.371104815625 0.5346820812499999 0.398016996875 0.5606936421875 0.4093484421875
1 0.44508670468749995 0.7662889515625 0.4508670515625 0.7521246453125 0.4291907515625 0.7450424921875001 0.424855490625 0.7606232296875 0.44508670468749995 0.7662889515625
1 0.5086705203124999 0.505665721875 0.5144508671875 0.48583569375 0.4985549140625 0.478753540625 0.4855491328125 0.5 0.5086705203124999 0.505665721875
1 0.2687861265625 0.1600566578125 0.277456646875 0.143059490625 0.25867052031250004 0.13597733750000002 0.254335259375 0.154390934375 0.2687861265625 0.1600566578125
1 0.5202312140625 0.398016996875 0.528901734375 0.3810198296875 0.5072254328125 0.3682719546875 0.49710982656249997 0.386685553125 0.5202312140625 0.398016996875
1 0.6791907515625 0.5028328609375 0.687861271875 0.48866855468750003 0.6719653171875 0.48158640156250004 0.664739884375 0.494334278125 0.6791907515625 0.5028328609375
1 0.2919075140625 0.548158640625 0.2947976875 0.5283286125 0.278901734375 0.5240793203125 0.2745664734375 0.548158640625 0.2919075140625 0.548158640625
1 0.2803468203125 0.5793201140625001 0.2861271671875 0.5594900843749999 0.2702312140625 0.55240793125 0.26011560624999996 0.5708215296875 0.2803468203125 0.5793201140625001
1 0.482658959375 0.34985835625 0.4855491328125 0.330028328125 0.4696531796875 0.3257790375 0.46242774531249997 0.34419263437500003 0.482658959375 0.34985835625
1 0.8439306359375 0.0977337109375 0.8526011562500001 0.075070821875 0.8280346828124999 0.06798866875000001 0.8208092484374999 0.0920679890625 0.8439306359375 0.0977337109375
1 0.9017341046875 0.10906515624999999 0.9132947984375 0.089235128125 0.891618496875 0.0849858359375 0.8872832374999999 0.1033994328125 0.9017341046875 0.10906515624999999
1 0.734104046875 0.8456090656249999 0.745664740625 0.822946175 0.7239884390625 0.8130311609374999 0.710982659375 0.8342776203125 0.734104046875 0.8456090656249999
1 0.8410404625 0.533994334375 0.8497109828125 0.5169971671875 0.833815028125 0.507082153125 0.823699421875 0.5254957499999999 0.8410404625 0.533994334375
1 0.7745664734375 0.7436260625 0.78323699375 0.7266288953125 0.7644508671875 0.71671388125 0.754335259375 0.735127478125 0.7745664734375 0.7436260625
1 0.381502890625 0.7606232296875 0.3843930640625 0.7436260625 0.368497109375 0.736543909375 0.36127167656250003 0.7549575078124999 0.381502890625 0.7606232296875
1 0.6387283234375001 0.24220963125 0.6445086703125 0.2252124640625 0.631502890625 0.2181303109375 0.6213872828125 0.2393767703125 0.6387283234375001 0.24220963125
1 0.210982659375 0.519830028125 0.2138728328125 0.505665721875 0.197976878125 0.5042492921874999 0.1965317921875 0.5169971671875 0.210982659375 0.519830028125
1 0.2138728328125 0.5 0.2196531796875 0.48866855468750003 0.20375722500000001 0.48441926406249997 0.2023121390625 0.4971671390625 0.2138728328125 0.5
1 0.199421965625 0.48300283281249995 0.2023121390625 0.4716713875 0.1893063578125 0.467422096875 0.18497109843749998 0.480169971875 0.199421965625 0.48300283281249995
1 0.7716763 0.100566571875 0.7745664734375 0.089235128125 0.7644508671875 0.0849858359375 0.7572254328125 0.09490085000000001 0.7716763 0.100566571875
1 0.8554913296875 0.114730878125 0.858381503125 0.1033994328125 0.8453757218750001 0.0991501421875 0.8439306359375 0.114730878125 0.8554913296875 0.114730878125
1 0.46242774531249997 0.1203966 0.47109826562499996 0.100566571875 0.4552023125 0.09348441874999999 0.44508670468749995 0.114730878125 0.46242774531249997 0.1203966
1 0.4855491328125 0.392351275 0.48843930625 0.3810198296875 0.472543353125 0.3739376765625 0.46820809218750004 0.3895184140625 0.4855491328125 0.392351275
1 0.3670520234375 0.392351275 0.36994219687499996 0.383852690625 0.356936415625 0.37960340000000004 0.35260115625 0.3895184140625 0.3670520234375 0.392351275
1 0.37572254374999997 0.36968838593750003 0.3786127171875 0.358356940625 0.3656069359375 0.3541076484375 0.36127167656250003 0.3668555234375 0.37572254374999997 0.36968838593750003
1 0.345375721875 0.356940509375 0.3439306359375 0.36968838593750003 0.35260115625 0.36968838593750003 0.345375721875 0.356940509375
1 0.754335259375 0.6983002828125 0.7601156062500001 0.681303115625 0.7471098265625 0.6713881015625 0.7369942203125001 0.6926345609375 0.754335259375 0.6983002828125
1 0.7052023125 0.6359773375 0.710982659375 0.6189801703125 0.697976878125 0.6118980171875 0.687861271875 0.6331444765625001 0.7052023125 0.6359773375
1 0.7283237 0.6303116140625 0.7312138734375 0.616147309375 0.7182080921875 0.6118980171875 0.7138728328124999 0.6303116140625 0.7283237 0.6303116140625
1 0.46820809218750004 0.5169971671875 0.47109826562499996 0.5 0.4580924859375 0.49858356875 0.45375722500000004 0.5113314453125 0.46820809218750004 0.5169971671875
1 0.424855490625 0.6104815859375 0.42774566406250003 0.5963172796875 0.4118497109375 0.5920679890625 0.40751445156250005 0.607648725 0.424855490625 0.6104815859375
1 0.24277456718749998 0.6784702546875 0.2485549140625 0.6643059484375 0.23554913281249998 0.6572237953125 0.22832370000000002 0.67563739375 0.24277456718749998 0.6784702546875
1 0.23988439375 0.6983002828125 0.24277456718749998 0.6869688390625 0.2297687859375 0.682719546875 0.22832370000000002 0.6983002828125 0.23988439375 0.6983002828125
1 0.1213872828125 0.7266288953125 0.1271676296875 0.7124645890625 0.11416185000000001 0.7053824359374999 0.106936415625 0.7209631734374999 0.1213872828125 0.7266288953125
1 0.5693641625 0.8399433421875001 0.5722543359375 0.8201133140625 0.55635838125 0.818696884375 0.552023121875 0.8342776203125 0.5693641625 0.8399433421875001
1 0.32080924843749997 0.9050991500000001 0.323699421875 0.8881019828125 0.3106936421875 0.886685553125 0.30635838125000003 0.9022662890625 0.32080924843749997 0.9050991500000001
1 0.4393063578125 0.91926345625 0.44508670468749995 0.9050991500000001 0.432080925 0.8980169968749999 0.424855490625 0.9164305953125 0.4393063578125 0.91926345625
1 0.823699421875 0.505665721875 0.8323699421875 0.48583569375 0.8164739890625 0.478753540625 0.8063583812499999 0.5 0.823699421875 0.505665721875
1 0.881502890625 0.53966005625 0.8872832374999999 0.5226628890625 0.8713872828125 0.5155807359375 0.86416185 0.533994334375 0.881502890625 0.53966005625
1 0.589595375 0.4461756375 0.5924855484375 0.4348441921875 0.5823699421875 0.4305949015625 0.5780346828125 0.4433427765625 0.589595375 0.4461756375
1 0.3598265890625 0.5410764875 0.346820809375 0.5453257796875 0.36127167656250003 0.5538243625 0.3598265890625 0.5410764875
1 0.1950867046875 0.532577903125 0.1907514453125 0.5453257796875 0.2023121390625 0.5453257796875 0.1950867046875 0.532577903125
1 0.0780346828125 0.437677053125 0.083815028125 0.4291784703125 0.0708092484375 0.42209631718749996 0.0664739890625 0.43201133125 0.0780346828125 0.437677053125
1 0.26011560624999996 0.0920679890625 0.26156069375 0.0793201140625 0.24566474062500002 0.08073654375 0.24710982656249997 0.09348441874999999 0.26011560624999996 0.0920679890625
1 0.9306358375 0.19121812968750002 0.9393063578125 0.17988668593749998 0.9234104046875 0.1728045328125 0.91907514375 0.18838526875 0.9306358375 0.19121812968750002
1 0.9306358375 0.211048159375 0.9364161843750001 0.1997167140625 0.92052023125 0.195467421875 0.91907514375 0.208215296875 0.9306358375 0.211048159375
1 0.3106936421875 0.5835694046875 0.2976878609375 0.587818696875 0.312138728125 0.5963172796875 0.3106936421875 0.5835694046875
1 0.1676300578125 0.7606232296875 0.17052023125 0.749291784375 0.1575144515625 0.7450424921875001 0.15317919062500002 0.75779036875 0.1676300578125 0.7606232296875
1 0.2196531796875 0.78328611875 0.22832370000000002 0.7747875359374999 0.2124277453125 0.764872521875 0.20809248593750002 0.777620396875 0.2196531796875 0.78328611875
1 0.1734104046875 0.8881019828125 0.176300578125 0.871104815625 0.160404625 0.8668555234375 0.15317919062500002 0.8824362609374999 0.1734104046875 0.8881019828125
1 0.2572254328125 0.8767705375 0.2630057796875 0.8682719546875 0.25 0.8611898015625 0.24566474062500002 0.871104815625 0.2572254328125 0.8767705375
1 0.14884393125 0.1841359765625 0.1387283234375 0.18838526875 0.15317919062500002 0.196883853125 0.14884393125 0.1841359765625
1 0.3670520234375 0.7067988671875 0.3540462421875 0.702549575 0.36127167656250003 0.7181303109375 0.3670520234375 0.7067988671875
1 0.3786127171875 0.9277620390625 0.37427745625000003 0.9121813031249999 0.36127167656250003 0.9164305953125 0.3656069359375 0.9291784703125 0.3786127171875 0.9277620390625
1 0.8323699421875 0.9050991500000001 0.8381502890625001 0.8937677046875001 0.8222543359375001 0.8895184140625 0.8208092484374999 0.9050991500000001 0.8323699421875 0.9050991500000001
1 0.7254335265625 0.8739376765625 0.7283237 0.8626062328125 0.7124277453125 0.858356940625 0.710982659375 0.8739376765625 0.7254335265625 0.8739376765625
1 0.583815028125 0.9050991500000001 0.5867052015625001 0.89093484375 0.573699421875 0.886685553125 0.5693641625 0.9022662890625 0.583815028125 0.9050991500000001
1 0.5187861265625 0.9036827203125 0.5086705203124999 0.91926345625 0.5231213875 0.9220963171875001 0.5187861265625 0.9036827203125
1 0.552023121875 0.264872521875 0.5549132953125 0.2535410765625 0.5447976875 0.249291784375 0.5375722546875 0.2592067984375 0.552023121875 0.264872521875
1 0.5664739890625 0.236543909375 0.550578034375 0.23512747812499998 0.5606936421875 0.250708215625 0.5664739890625 0.236543909375
1 0.7066473984375 0.7932011328125 0.7023121390625 0.8002832859375 0.7138728328124999 0.8059490078125 0.7066473984375 0.7932011328125
1 0.6098265890625 0.6104815859375 0.6127167625000001 0.5991501421875001 0.60260115625 0.5949008499999999 0.5982658953125 0.607648725 0.6098265890625 0.6104815859375