0 0.83052830625 0.226416440625 0.2564888046875 0.2252857984375 0.250615190625 0.8235254015625 0.8461546 0.8235254015625 0.83052830625 0.226416440625
1 0.3735521234375 0.7170212765625 0.3388030890625 0.7106382984375 0.3166023171875 0.7329787234375 0.31081081093749996 0.784042553125 0.3291505796875 0.8127659578124999 0.353281853125 0.8180851062500001 0.3735521234375 0.8085106390625001 0.384169884375 0.7925531921875 0.39382239375 0.75 0.3735521234375 0.7170212765625
1 0.340733590625 0.6574468078125 0.3262548265625 0.6734042546875 0.328185328125 0.6946808515625 0.340733590625 0.7085106390625 0.3571428578125 0.7074468078125 0.3706563703125 0.6925531921875 0.3706563703125 0.6734042546875 0.35617760625 0.6574468078125 0.340733590625 0.6574468078125
1 0.5916988421875 0.7106382984375 0.559845559375 0.7287234046875 0.5666023171875 0.7468085109375 0.6052123546875 0.738297871875 0.64382239375 0.772340425 0.6602316609375001 0.775531915625 0.675675675 0.7627659578125 0.675675675 0.7287234046875 0.6380308875 0.7 0.5916988421875 0.7106382984375
1 0.76930501875 0.25106382968749996 0.741312740625 0.2670212765625 0.7220077218750001 0.3329787234375 0.7220077218750001 0.42446808437500005 0.7393822390625 0.4287234046875 0.7876447875 0.39042553125 0.7953667953125 0.3648936171875 0.7876447875 0.27978723437499997 0.76930501875 0.25106382968749996
1 0.6573359078125 0.25531914843750003 0.6361003859375 0.2446808515625 0.597490346875 0.2446808515625 0.5627413125 0.25531914843750003 0.5366795359375 0.277659575 0.5289575296875 0.30957446875 0.5308880312500001 0.35638297812499997 0.547297296875 0.3808510640625 0.5714285718750001 0.384042553125 0.6361003859375 0.3531914890625 0.6621621625 0.3287234046875 0.675675675 0.28404255312500004 0.6573359078125 0.25531914843750003
1 0.533783784375 0.3914893609375 0.515444015625 0.40957446875 0.515444015625 0.4329787234375 0.53185328125 0.45106382968750003 0.5482625484375 0.45 0.565637065625 0.4372340421875 0.5714285718750001 0.41170212812500007 0.553088803125 0.3914893609375 0.533783784375 0.3914893609375
1 0.40540540468749997 0.7670212765625 0.4102316609375 0.7872340421875 0.44787644843749996 0.7946808515625 0.45366795312499997 0.779787234375 0.446911196875 0.770212765625 0.41988417031249997 0.761702128125 0.40540540468749997 0.7670212765625
1 0.5270270265625 0.611702128125 0.5308880312500001 0.5946808515625001 0.5144787640625 0.5914893609375 0.5115830109374999 0.6074468078125 0.5270270265625 0.611702128125
1 0.30694980625 0.315957446875 0.30598455625 0.306382978125 0.2953667953125 0.3074468078125 0.29633204687500003 0.3170212765625 0.30694980625 0.315957446875
1 0.30694980625 0.347872340625 0.30598455625 0.3361702125 0.2953667953125 0.3372340421875 0.2982625484375 0.3489361703125 0.30694980625 0.347872340625
1 0.515444015625 0.579787234375 0.5144787640625 0.570212765625 0.503861003125 0.5712765953125001 0.5067567562499999 0.5808510640625 0.515444015625 0.579787234375
1 0.7075289578125 0.44468085156250003 0.6988416984375 0.44787234062500003 0.7084942078124999 0.45425531875 0.7075289578125 0.44468085156250003
1 0.5916988421875 0.4425531921875 0.5830115828125 0.44574468125 0.5926640921875 0.45 0.5916988421875 0.4425531921875
1 0.49227799218749996 0.8138297874999999 0.4980694984375 0.8010638296874999 0.48552123593749996 0.797872340625 0.4826254828125 0.8095744687499999 0.49227799218749996 0.8138297874999999
1 0.5328185328124999 0.7968085109375 0.534749034375 0.788297871875 0.5279922781249999 0.7851063828125 0.5231660234375 0.7925531921875 0.5328185328124999 0.7968085109375
1 0.44015444062500003 0.40744680781250003 0.45366795312499997 0.3627659578125 0.3928571421875 0.361702128125 0.384169884375 0.3691489359375 0.38223938281250003 0.3989361703125 0.384169884375 0.6138297875000001 0.4324324328125 0.652127659375 0.4729729734375 0.6031914890625 0.4729729734375 0.5819148937499999 0.43629343593750003 0.520212765625 0.44015444062500003 0.40744680781250003
1 0.46718146718750003 0.35 0.48069498125 0.3031914890625 0.4768339765625 0.28617021249999997 0.4546332046875 0.2638297875 0.4179536671875 0.265957446875 0.3581081078125 0.30425531875 0.3262548265625 0.35 0.322393821875 0.4031914890625 0.33976833906250004 0.4372340421875 0.3416988421875 0.477659575 0.34942085 0.4925531921875 0.3378378375 0.5925531921875 0.3581081078125 0.6148936171875 0.38223938281250003 0.6138297875000001 0.38223938281250003 0.37765957499999997 0.38899613906249997 0.361702128125 0.45270270312500005 0.361702128125 0.46718146718750003 0.35
1 0.308880309375 0.8053191484375001 0.30984555937499997 0.79574468125 0.29922780000000004 0.7968085109375 0.3021235515625 0.806382978125 0.308880309375 0.8053191484375001
1 0.2731660234375 0.43829787187499997 0.26447876406250004 0.4414893609375 0.2741312734375 0.44787234062500003 0.2731660234375 0.43829787187499997
1 0.56853281875 0.5191489359375 0.5386100390624999 0.5287234046875 0.540540540625 0.5670212765625 0.5666023171875 0.6191489359375 0.6882239375 0.6361702124999999 0.7123552125 0.652127659375 0.7113899609375001 0.5148936171875 0.624517375 0.5446808515625 0.59942085 0.5425531921875 0.56853281875 0.5191489359375
1 0.783783784375 0.5585106390625 0.7596525093750001 0.53191489375 0.7191119687499999 0.5170212765625 0.716216215625 0.679787234375 0.7084942078124999 0.7010638296875 0.7509652515624999 0.7308510640625 0.7857142859375 0.6882978718749999 0.7799227796875 0.656382978125 0.7895752890625001 0.615957446875 0.783783784375 0.5585106390625