1 0.8903099343750001 0.2897954046875 0.8799777109375 0.186370125 0.8448479953125 0.1387944375 0.7167275015625 0.1491370046875 0.6609331484375 0.23601429375 0.594806571875 0.29393245156250003 0.5126256421875001 0.2864540703125 0.5038825015625 0.3228915765625 0.545211590625 0.40563181875 0.6010059437499999 0.3787412609375 0.6815977859375 0.351850609375 0.813851134375 0.3601246984375 0.8903099343750001 0.2897954046875
0 0.9998323109375 1 0.997765790625 0.0054174374999999995 0.0010335296875000001 0 0 1 0.9998323109375 1
1 0.4315563625 0.16469249375 0.4274235109375 0.100568715625 0.39229379531249997 0.088157675 0.376227325 0.0692506421875 0.3241006984375 0.090226246875 0.30343606093750003 0.1295278421875 0.388160753125 0.1708980140625 0.4315563625 0.16469249375
1 0.4046511625 0.6465116281250001 0.45116279062500003 0.6465116281250001 0.4651162796875 0.6372093015625 0.47441860468749997 0.6186046515625 0.4697674421875 0.548837209375 0.46046511562500003 0.5302325578125 0.43255813906249996 0.50697674375 0.4046511625 0.49767441874999996 0.358139534375 0.49767441874999996 0.3209302328125 0.50697674375 0.2651162796875 0.5348837203125 0.2372093015625 0.5627906984375 0.241860465625 0.5860465109375 0.34206814375 0.6040027015625 0.4046511625 0.6465116281250001
1 0.49302325625 0.9069767437499999 0.5674418609375 0.9023255812500001 0.590697675 0.860465115625 0.590697675 0.7953488375 0.539534884375 0.7627906984374999 0.4790697671875 0.7627906984374999 0.42325581406249996 0.8046511625000001 0.42325581406249996 0.851162790625 0.49302325625 0.9069767437499999
1 0.739534884375 0.7162790703125 0.8 0.748837209375 0.8651162796874999 0.739534884375 0.89302325625 0.7069767437500001 0.8837209296875 0.609302325 0.8186046515625 0.5767441859375 0.744186046875 0.6046511625 0.7069767437500001 0.641860465625 0.739534884375 0.7162790703125
1 0.9069767437499999 1 0.8790697671875 0.9023255812500001 0.8186046515625 0.8883720937499999 0.70232558125 0.953488371875 0.609302325 0.9674418609375 0.590697675 1 0.9069767437499999 1
1 0.2327334140625 0.14972827500000002 0.23638150625 0.0803457953125 0.20841272968750002 0.04869765625 0.1484078140625 0.0681216328125 0.0880256984375 0.11442842812500001 0.1001860421875 0.16798685156249998 0.1682837203125 0.1655523578125 0.2327334140625 0.14972827500000002
1 0.24511620937499998 0.32722714375 0.2230050984375 0.34083441875 0.24367769374999998 0.3736998046875 0.26313410625 0.3517895484375 0.24511620937499998 0.32722714375
1 0.411489915625 0.3396172 0.3908173203125 0.36396189843750004 0.4187860984375 0.3822204421875 0.42851430625000003 0.35787574843750003 0.411489915625 0.3396172
1 0.511076115625 0.6969370796875001 0.5088673578125 0.678144153125 0.48333167499999996 0.6647882187499999 0.46911003281249997 0.6908570140625 0.47242314375000005 0.724020971875 0.48788434374999995 0.737839284375 0.511076115625 0.6969370796875001
1 0.2852323953125 0.7770833109375 0.2679038375 0.7741592749999999 0.25431004687500003 0.800298084375 0.280262725 0.821854684375 0.294619571875 0.7964289671875 0.2852323953125 0.7770833109375
1 0.37579078125 0.8069308796874999 0.3680601578125 0.791454371875 0.348274990625 0.7857592375 0.3332724984375 0.8058254046875 0.3470771390625 0.834014771875 0.35977738125 0.8345675203124999 0.37579078125 0.8069308796874999
1 0.578994884375 0.9977403765625 0.5883820140625 0.968445534375 0.5806514375 0.936387046875 0.5712643109375 0.9175941156249999 0.5471314609375 0.914187371875 0.5353722421875 0.93749249375 0.5480725343749999 0.9728674046875 0.5475203343749999 0.9966349015624999 0.578994884375 0.9977403765625
1 0.038567428125 0.5842485671875 0.0628635578125 0.5936450046874999 0.0617592046875 0.579273971875 0.065072315625 0.5593755953125 0.05292422812499999 0.553295525 0.0402239859375 0.5610337953125 0.036910874999999996 0.5560592 0.0335977625 0.573746628125 0.038567428125 0.5842485671875
1 0.23459310625000002 0.739212115625 0.234040953125 0.7176555390625 0.22316112968750001 0.7087023578125 0.212505734375 0.7132336703125 0.21029698125000001 0.7336847718749999 0.22299721875 0.7408703109375 0.23459310625000002 0.739212115625
1 0.1517290328125 0.38433389375 0.1424677015625 0.3744011765625 0.1424677015625 0.36579280000000003 0.128380934375 0.35370938125 0.11468364687499999 0.369103715625 0.1265910984375 0.38963132031250003 0.1431291859375 0.39757749375 0.1517290328125 0.38433389375
1 0.24301949843749998 0.24660019531250002 0.2251583203125 0.2340187625 0.21655847499999997 0.252559828125 0.22317374375000001 0.2664656328125 0.24037337656250002 0.2671278328125 0.24301949843749998 0.24660019531250002
1 0.391939334375 0.0192623484375 0.3959084890625 0.0027078328125 0.3676062703125 0 0.36613985625 0.029195065625 0.3714320375 0.041114325 0.3826780046875 0.0238976375 0.391939334375 0.0192623484375
1 0.634057525 0.064952846875 0.637365134375 0.0834939390625 0.6552263109375 0.0801830234375 0.6479496140625 0.057668874999999994 0.6362783015625 0.049323990625 0.634057525 0.064952846875
1 0.921674609375 0.3396716140625 0.9195120234375 0.33286401875 0.9084440656250001 0.337685075 0.9104286421875001 0.35092867499999997 0.921674609375 0.35291521875 0.921674609375 0.3396716140625
1 0.9790702 0.116469315625 0.967981325 0.13571981875 0.9752581390625 0.148301246875 0.98518101875 0.137044171875 0.9790702 0.116469315625
1 0.6505935859374999 0.71148950625 0.64455178125 0.7051026140625 0.6380245859375 0.7161247671875001 0.6419938000000001 0.72738185625 0.6512550703125 0.7253953109375 0.6505935859374999 0.71148950625
1 1 0.7099323484375 0.9810453671875001 0.67572358125 0.9735605156249999 0.687763315625 0.969407934375 0.7127035015625001 0.9929390515625001 0.7279446843749999 1 0.7099323484375
1 0.9611027765625 0.7889096046875 0.9403398796875001 0.8069219390625 0.9597184140625 0.8235487296875 0.9790972046875 0.8166209437499999 0.9611027765625 0.7889096046875
1 0.59846878125 0.022367190625 0.620615915625 0.012668246875 0.59846878125 0 0.59846878125 0.022367190625
1 0.9767902984375001 0.1811392421875 0.972506790625 0.167527953125 0.9632801859375 0.178885334375 0.9632801859375 0.1963531953125 0.9936779390625 0.18508361874999998 0.9767902984375001 0.1811392421875
1 0.9860216515625 0.0881281484375 0.9829824703125001 0.099998171875 0.9953667062499999 0.11295821406249999 0.9981813484375 0.09154597656249999 0.9860216515625 0.0881281484375
1 1 0.299319646875 0.995313115625 0.2883170140625 0.9816109859375001 0.29030398125 0.984988515625 0.302700525 0.9928694515625001 0.3094622796875 1 0.299319646875
1 0.13971440468750002 0.8239262234375 0.1625704421875 0.815606725 0.14393974375000002 0.8049195296875 0.13971440468750002 0.8239262234375
1 0.40116063750000003 0.906248971875 0.3890531859375 0.9237606234375001 0.40359791562499997 0.9435195484375001 0.41606485156249995 0.921680771875 0.40116063750000003 0.906248971875
1 0.22344438125 0.9109257156250001 0.21496487968750003 0.9185609484375 0.2170426703125 0.942479571875 0.23158749374999998 0.9352000468749999 0.22344438125 0.9109257156250001