1 0.20665083125 0.2287671234375 0.218527315625 0.20684931562500003 0.1959619953125 0.1945205484375 0.185273159375 0.21780821874999998 0.20665083125 0.2287671234375
1 0.5320665078125 0.5712328765625 0.4726840859375 0.41232876718749994 0.4655581953125 0.2890410953125 0.44893111562500004 0.226027396875 0.41686460781249995 0.1671232875 0.3836104515625 0.1534246578125 0.281472684375 0.18356164375 0.2482185265625 0.20547945156249997 0.21615201874999998 0.2534246578125 0.19952494062499998 0.46986301406250003 0.4097387171875 0.657534246875 0.4679334921875 0.6726027390625 0.49762470312499996 0.6630136984375 0.5154394296875 0.642465753125 0.5320665078125 0.6013698625 0.5320665078125 0.5712328765625
1 0.8456056999999999 0.41232876718749994 0.8622327796875 0.360273971875 0.8574821859374999 0.324657534375 0.84085510625 0.2972602734375 0.8206650828125 0.2794520546875 0.7707838484375 0.26849314999999996 0.6543943 0.26849314999999996 0.6092636578125 0.2876712328125 0.53325415625 0.276712328125 0.5201900234375 0.2972602734375 0.5154394296875 0.3356164390625 0.5249406171875 0.4041095890625 0.535629453125 0.41369862968750004 0.5855106890624999 0.41369862968750004 0.6377672203125 0.476712328125 0.6650831359375 0.48356164375 0.7399049875 0.44931506875 0.7945368171875 0.44931506875 0.8254156765625 0.43835616406250005 0.8456056999999999 0.41232876718749994
1 0.42280284999999995 0.7164383562500001 0.3859857484375 0.6712328765625 0.33135391875 0.6301369859375 0.290973871875 0.6328767125 0.267220903125 0.64931506875 0.20902612812500002 0.7164383562500001 0.17814726875 0.78493150625 0.185273159375 0.85068493125 0.21140142499999998 0.9273972609375001 0.26484560625000003 0.9671232875 0.30403800468750003 0.9684931499999999 0.4311163890625 0.8739726031249999 0.4536817109375 0.8369863015625001 0.45130641406249994 0.7876712328125001 0.42280284999999995 0.7164383562500001
1 0.843230403125 0.6287671234375 0.8361045125000001 0.58493150625 0.7921615203125 0.54794520625 0.747030878125 0.5534246578124999 0.68764845625 0.6027397265625 0.6532066515625 0.64794520625 0.617577196875 0.7575342468749999 0.5831353921875 0.791780821875 0.530878859375 0.8109589046875 0.5106888359374999 0.8452054796875 0.5154394296875 0.8726027390625 0.53325415625 0.893150684375 0.549881234375 0.8958904109375 0.5926365796875 0.8739726031249999 0.6211401421875 0.8767123281250001 0.69239905 0.95068493125 0.7458432296875 0.960273971875 0.8717339671875 0.9219178078124999 0.8646080765624999 0.84794520625 0.8741092640625 0.708219178125 0.843230403125 0.6287671234375
1 0.20546318281249998 0.558904109375 0.19239905 0.576712328125 0.19239905 0.5986301375 0.2030878859375 0.6109589046874999 0.223277909375 0.6123287671875 0.24465558125000003 0.5958904109375001 0.24465558125000003 0.5712328765625 0.22684085468749998 0.5561643828125 0.20546318281249998 0.558904109375
1 0.5688836109375 0.575342465625 0.55344418125 0.590410959375 0.551068884375 0.6150684937500001 0.5617577203125 0.6328767125 0.589073634375 0.6369863015624999 0.6080760093750001 0.6150684937500001 0.6057007125 0.5931506843750001 0.5902612828125 0.575342465625 0.5688836109375 0.575342465625
1 0.5285035625 0.48219178124999995 0.5154394296875 0.508219178125 0.5285035625 0.5287671234375 0.5415676953124999 0.5301369859375 0.55344418125 0.5191780828125 0.555819478125 0.4972602734375 0.54275534375 0.48219178124999995 0.5285035625 0.48219178124999995
1 0.8254156765625 0.4465753421875 0.7980997624999999 0.46438356093750005 0.795724465625 0.4972602734375 0.8159144890625001 0.523287671875 0.838479809375 0.5273972609375 0.8622327796875 0.5109589046874999 0.8693586703125 0.475342465625 0.85154394375 0.44931506875 0.8254156765625 0.4465753421875
1 0.7494061750000001 0.47945205468749996 0.7363420421875 0.4972602734375 0.7363420421875 0.5191780828125 0.7565320671875 0.539726028125 0.771971496875 0.5383561640625001 0.788598575 0.5191780828125 0.788598575 0.49178082187500005 0.7707838484375 0.476712328125 0.7494061750000001 0.47945205468749996
1 0.84085510625 0.28356164375000004 0.8503562953125 0.2561643828125 0.8254156765625 0.24657534218750002 0.8171021375 0.2726027390625 0.84085510625 0.28356164375000004
1 0.43824227968749996 0.8958904109375 0.425178146875 0.9191780828124999 0.42755344375000004 0.9356164390625 0.4406175765625 0.9534246578125 0.46080760156249995 0.9547945203125 0.47743467968750003 0.941095890625 0.48218527343749995 0.9164383562499999 0.46199525 0.893150684375 0.43824227968749996 0.8958904109375
1 0.5273159140625 0.9328767125 0.5225653203125 0.9630136984375 0.5463182890625 0.9794520546875001 0.560570071875 0.9712328765624999 0.565320665625 0.9438356171875 0.540380046875 0.9260273968750001 0.5273159140625 0.9328767125
1 0.589073634375 0.9630136984375 0.61045130625 0.9794520546875001 0.622327790625 0.9712328765624999 0.6247030875 0.95205479375 0.5997624703125 0.9397260281250001 0.589073634375 0.9630136984375
1 0.8586698343749999 0.55068493125 0.8456056999999999 0.565753425 0.8456056999999999 0.58493150625 0.8717339671875 0.5986301375 0.8836104515625 0.590410959375 0.8859857484375 0.56849315 0.8752969125 0.5534246578124999 0.8586698343749999 0.55068493125
1 0.5296912109374999 0.6972602734375 0.5344418046875 0.675342465625 0.511876484375 0.673972603125 0.5130641328125 0.6945205484375 0.5296912109374999 0.6972602734375
1 0.4655581953125 0.7356164390625 0.4726840859375 0.7164383562500001 0.459619953125 0.709589040625 0.45130641406249994 0.7273972609375 0.4655581953125 0.7356164390625
1 0.5486935859375001 0.4726027390625 0.55344418125 0.45342465781249996 0.53800475 0.44931506875 0.5344418046875 0.46986301406250003 0.5486935859375001 0.4726027390625
1 0.19952494062499998 0.2534246578125 0.204275534375 0.234246575 0.1888361046875 0.23013698593749998 0.1828978625 0.24794520625 0.19952494062499998 0.2534246578125
1 0.5344418046875 0.7273972609375 0.5391923984375 0.708219178125 0.5261282656249999 0.7041095890625 0.5201900234375 0.7219178078125 0.5344418046875 0.7273972609375
1 0.175771971875 0.9301369859375 0.1828978625 0.9136986296874999 0.1674584328125 0.9068493156249999 0.161520190625 0.9191780828124999 0.175771971875 0.9301369859375
1 0.1638954875 0.7438356171875 0.16864608125 0.7301369859375 0.1555819484375 0.726027396875 0.1543943 0.741095890625 0.1638954875 0.7438356171875
1 0.622327790625 0.23150685000000001 0.6318289781249999 0.21780821874999998 0.6187648453125 0.20547945156249997 0.6080760093750001 0.223287671875 0.622327790625 0.23150685000000001
1 0.7125890734375 0.226027396875 0.7149643703125 0.20684931562500003 0.7019002375000001 0.2027397265625 0.6959619953125 0.22054794531250002 0.7125890734375 0.226027396875
1 0.7339667453125001 0.2287671234375 0.7434679328125 0.21780821874999998 0.728028503125 0.20547945156249997 0.7220902609375 0.22054794531250002 0.7339667453125001 0.2287671234375
1 0.194774346875 0.9821917812500001 0.2019002375 0.9657534249999999 0.18646080781250002 0.9589041093749999 0.180522565625 0.9767123281250001 0.194774346875 0.9821917812500001
1 0.84085510625 0.9767123281250001 0.8622327796875 0.9821917812500001 0.8693586703125 0.9547945203125 0.8562945375 0.942465753125 0.8420427546875 0.9452054796875 0.84085510625 0.9767123281250001
1 0.8242280281250001 0.9958904109375 0.83135391875 0.9767123281250001 0.8159144890625001 0.9671232875 0.80760095 0.9876712328125 0.8242280281250001 0.9958904109375
1 0.8907363421875001 0.3794520546875 0.8931116390625 0.360273971875 0.8752969125 0.358904109375 0.8741092640625 0.376712328125 0.8907363421875001 0.3794520546875
1 0.8551068890625 0.54931506875 0.8574821859374999 0.5356164390625 0.8420427546875 0.53150685 0.84085510625 0.5465753421875 0.8551068890625 0.54931506875
1 0.5011876484375 0.4205479453125 0.5035629453125 0.406849315625 0.4904988125 0.4027397265625 0.48693586718750004 0.41780821875 0.5011876484375 0.4205479453125
1 0.8622327796875 0.623287671875 0.8669833734375001 0.606849315625 0.8491686453125 0.6 0.8456056999999999 0.6205479453125 0.8622327796875 0.623287671875
1 0.47030878906250007 0.7575342468749999 0.46674584374999994 0.7369863015625 0.4536817109375 0.7438356171875 0.459619953125 0.758904109375 0.47030878906250007 0.7575342468749999
1 0.3444180515625 0.993150684375 0.34085510625 0.9780821921875 0.3277909734375 0.9794520546875001 0.333729215625 0.9945205484375 0.3444180515625 0.993150684375
1 0.636579571875 0.957534246875 0.63895486875 0.9383561640625 0.6258907359375 0.9369863015625001 0.6247030875 0.9547945203125 0.636579571875 0.957534246875
1 0.2945368171875 0.5876712328125 0.2969121140625 0.573972603125 0.286223278125 0.5726027390625 0.2826603328125 0.58493150625 0.2945368171875 0.5876712328125
1 0.4655581953125 0.21780821874999998 0.469121140625 0.2 0.4584323046875 0.20410958906249999 0.4584323046875 0.21780821874999998 0.4655581953125 0.21780821874999998
1 0.5368171015625001 0.23150685000000001 0.5391923984375 0.22054794531250002 0.5285035625 0.21643835625 0.5249406171875 0.2287671234375 0.5368171015625001 0.23150685000000001
1 0.8812351546875 0.6534246578125 0.8883610453124999 0.6452054796875 0.8752969125 0.6356164390625 0.8717339671875 0.65068493125 0.8812351546875 0.6534246578125
1 0.25890736406250003 0.19041095937500002 0.2660332546875 0.1794520546875 0.2482185265625 0.1671232875 0.24465558125000003 0.18219178125 0.25890736406250003 0.19041095937500002
1 0.8622327796875 0.2123287671875 0.8586698343749999 0.19726027343750002 0.8479809968750001 0.1986301375 0.8491686453125 0.2136986296875 0.8622327796875 0.2123287671875
1 0.5997624703125 0.1452054796875 0.5866983375 0.14931506875 0.6009501187499999 0.157534246875 0.5997624703125 0.1452054796875
1 0.7078384796875 0.5 0.7102137765625 0.48904109531250006 0.69714964375 0.48493150625 0.6959619953125 0.5 0.7078384796875 0.5
1 0.7695962 0.98493150625 0.7790973875 0.9739726031249999 0.7636579578125 0.9616438359374999 0.757719715625 0.9767123281250001 0.7695962 0.98493150625
1 0.8883610453124999 0.88356164375 0.8931116390625 0.8671232874999999 0.8800475062500001 0.865753425 0.8764845609374999 0.8808219171875 0.8883610453124999 0.88356164375
1 0.444180521875 0.9821917812500001 0.44655581875 0.9712328765624999 0.43586698281249997 0.9671232875 0.43230403749999996 0.9821917812500001 0.444180521875 0.9821917812500001
1 0.83135391875 0.960273971875 0.8337292156249999 0.9465753421875001 0.8230403796875001 0.9397260281250001 0.8171021375 0.957534246875 0.83135391875 0.960273971875
1 0.80760095 0.9739726031249999 0.809976246875 0.9657534249999999 0.7969121140625 0.9589041093749999 0.795724465625 0.9739726031249999 0.80760095 0.9739726031249999
1 0.8693586703125 0.2561643828125 0.8717339671875 0.2452054796875 0.86104513125 0.24109589062499998 0.8574821859374999 0.2534246578125 0.8693586703125 0.2561643828125
1 0.7339667453125001 0.557534246875 0.7387173390624999 0.5438356171875001 0.7232779093749999 0.5369863015624999 0.7197149640625 0.5547945203125 0.7339667453125001 0.557534246875
0 0.8836104515625 0.1876712328125 0.8396674578125 0.14794520625000002 0.7779097390625 0.142465753125 0.20546318281249998 0.14794520625000002 0.18171021406250001 0.1616438359375 0.156769596875 0.20410958906249999 0.1543943 0.27808219218749997 0.1543943 0.9109589046875 0.16864608125 0.9657534249999999 0.20546318281249998 0.9945205484375 0.8218527312499999 0.9958904109375 0.8562945375 0.9890410953125001 0.8931116390625 0.9356164390625 0.8931116390625 0.2972602734375 0.8836104515625 0.1876712328125