0 0.8394366203124999 0.2079646015625 0.8253521125000001 0.1755162234375 0.8014084499999999 0.1563421828125 0.7647887328125 0.147492625 0.20704225312500002 0.150442478125 0.1845070421875 0.15929203593750002 0.1521126765625 0.216814159375 0.1521126765625 0.8038348078125 0.1661971828125 0.84513274375 0.2154929578125 0.8702064890625 0.757746478125 0.8716814156250001 0.81267605625 0.8613569328124999 0.8422535218749999 0.81563421875 0.8450704218749999 0.3289085546875 0.8394366203124999 0.2079646015625
1 0.45070422499999996 0.3820059 0.442253521875 0.2669616515625 0.42816901406249996 0.2197640125 0.405633803125 0.1784660765625 0.3760563375 0.15929203593750002 0.33661971875 0.15929203593750002 0.2774647890625 0.179941003125 0.24084507031250002 0.20058997031249998 0.20845070468750002 0.246312684375 0.194366196875 0.42625368750000003 0.39295774687499996 0.5840707968750001 0.45070422499999996 0.5943952796875 0.49014084531249996 0.5707964609375 0.5042253515625 0.5383480828125 0.5042253515625 0.502949853125 0.45070422499999996 0.3820059
1 0.81126760625 0.30530973437500003 0.8 0.28761061875 0.76197183125 0.2595870203125 0.730985915625 0.253687315625 0.6183098593749999 0.253687315625 0.5619718312499999 0.27138643125 0.5056338031250001 0.2595870203125 0.49014084531249996 0.293510325 0.49859155 0.3702064890625 0.556338028125 0.3775811203125 0.6042253515625 0.43067846562499995 0.630985915625 0.4351032453125 0.6971830984375 0.4070796453125 0.7816901406250001 0.3952802359375 0.81126760625 0.3377581125 0.81126760625 0.30530973437500003
1 0.41126760625000003 0.6445427734375 0.3704225359375 0.59587020625 0.319718309375 0.5604719765625 0.2859154921875 0.5604719765625 0.254929578125 0.5781710921875 0.2028169015625 0.6327433625000001 0.17746478906250002 0.6828908546875 0.1830985921875 0.7507374625 0.20845070468750002 0.8126843656249999 0.2464788734375 0.8407079640624999 0.2957746484375 0.84513274375 0.4098591546875 0.7669616515625 0.430985915625 0.7359882 0.430985915625 0.694690265625 0.41126760625000003 0.6445427734375
1 0.794366196875 0.5619469031250001 0.7887323937499999 0.5235988203125 0.742253521875 0.489675515625 0.6971830984375 0.49852507343749997 0.669014084375 0.519174040625 0.6225352109375 0.5678466078125 0.5859154921874999 0.665191740625 0.5478873234375 0.69911504375 0.5 0.71386430625 0.48450704218749996 0.74188790625 0.5056338031250001 0.7817109140625 0.5788732390625 0.7640118 0.6521126765624999 0.8289085546875 0.7126760562500001 0.8362831859375 0.819718309375 0.8038348078125 0.81126760625 0.7654867249999999 0.8225352109375 0.6209439531250001 0.794366196875 0.5619469031250001
1 0.19859155 0.49852507343749997 0.18873239375 0.5353982296875001 0.2225352109375 0.5442477875 0.23943662031250001 0.526548671875 0.23661971875 0.5088495578125001 0.22676056406249998 0.49852507343749997 0.19859155 0.49852507343749997
1 0.5239436625 0.526548671875 0.5239436625 0.5530973453125 0.5394366203125001 0.5663716812499999 0.5605633796875 0.5648967546875 0.5746478875000001 0.5294985249999999 0.5591549296875 0.5132743359374999 0.53661971875 0.5132743359374999 0.5239436625 0.526548671875
1 0.4239436625 0.7817109140625 0.4084507046875 0.7949852500000001 0.405633803125 0.81563421875 0.42112676093749996 0.834808259375 0.4394366203125 0.8333333328125001 0.45070422499999996 0.8274336281249999 0.45633802812499996 0.797935103125 0.44084507031250003 0.7817109140625 0.4239436625 0.7817109140625
1 0.7704225359375 0.40412979375 0.749295775 0.42625368750000003 0.749295775 0.44985250781249997 0.7647887328125 0.46902654843749997 0.7859154921875 0.473451328125 0.8140845078125001 0.45575221250000003 0.819718309375 0.4321533921875 0.8014084499999999 0.4070796453125 0.7704225359375 0.40412979375
1 0.7084507046875 0.43067846562499995 0.6957746484375 0.44100295 0.6957746484375 0.46755162187500005 0.7140845078125 0.4837758109375 0.7295774640625 0.482300884375 0.743661971875 0.470501475 0.743661971875 0.443952803125 0.730985915625 0.43067846562499995 0.7084507046875 0.43067846562499995
1 0.5028169015625 0.47492625312500003 0.5154929578125 0.473451328125 0.5267605640624999 0.4469026546875 0.5028169015625 0.43362831875 0.49014084531249996 0.458702065625 0.5028169015625 0.47492625312500003
1 0.49577464843749997 0.842182890625 0.5084507046875 0.8554572265625 0.5239436625 0.8539823015625 0.5352112671875 0.8215339234375 0.5253521125 0.8112094390625 0.5 0.8141592921875 0.49577464843749997 0.842182890625
1 0.5774647890625 0.8539823015625 0.5915492953125 0.8362831859375 0.567605634375 0.8230088500000001 0.5605633796875 0.84513274375 0.5774647890625 0.8539823015625
1 0.8225352109375 0.532448378125 0.8338028171874999 0.5058997046875 0.8042253515625 0.49557522187499997 0.7971830984375 0.5235988203125 0.8225352109375 0.532448378125
1 0.8084507046875 0.856932153125 0.8225352109375 0.8392330390625 0.79859155 0.8230088500000001 0.7887323937499999 0.8480825953125001 0.8084507046875 0.856932153125
1 0.2 0.2197640125 0.21126760625 0.202064896875 0.18732394375 0.1917404125 0.1830985921875 0.21386430625 0.2 0.2197640125
1 0.19718309843749998 0.2404129796875 0.19859155 0.22418879062500002 0.17746478906250002 0.2256637171875 0.1845070421875 0.24188790624999998 0.19718309843749998 0.2404129796875
1 0.5915492953125 0.22271386406250002 0.5971830984375 0.2109144546875 0.581690140625 0.20058997031249998 0.5746478875000001 0.21386430625 0.5915492953125 0.22271386406250002
1 0.6732394359375 0.216814159375 0.6760563375 0.202064896875 0.66338028125 0.19764011875 0.656338028125 0.21386430625 0.6732394359375 0.216814159375
1 0.6957746484375 0.2197640125 0.69859155 0.20501475 0.68873239375 0.20058997031249998 0.681690140625 0.2109144546875 0.6957746484375 0.2197640125
1 0.50140845 0.6179941 0.5070422531250001 0.6002949859375 0.49154929531249997 0.5929203546874999 0.48450704218749996 0.6120943953125 0.50140845 0.6179941
1 0.445070421875 0.647492625 0.45070422499999996 0.635693215625 0.432394365625 0.628318584375 0.42816901406249996 0.6415929203124999 0.445070421875 0.647492625
1 0.51267605625 0.6415929203124999 0.51126760625 0.62536873125 0.492957746875 0.6268436578125 0.5 0.643067846875 0.51267605625 0.6415929203124999
1 0.7971830984375 0.2640118 0.8028169015625 0.24336283124999997 0.7760563375 0.23598819999999998 0.769014084375 0.2551622421875 0.7971830984375 0.2640118
1 0.194366196875 0.856932153125 0.19718309843749998 0.842182890625 0.181690140625 0.8377581125000001 0.17746478906250002 0.8539823015625 0.194366196875 0.856932153125
1 0.180281690625 0.8126843656249999 0.1760563375 0.793510325 0.157746478125 0.80088495625 0.16197183125 0.8141592921875 0.180281690625 0.8126843656249999
1 0.5239436625 0.42625368750000003 0.5225352109375 0.4070796453125 0.5042253515625 0.41150442500000006 0.5084507046875 0.4247787609375 0.5239436625 0.42625368750000003
1 0.445070421875 0.2109144546875 0.45070422499999996 0.1961651921875 0.44084507031250003 0.1917404125 0.4338028171875 0.2079646015625 0.445070421875 0.2109144546875
1 0.5098591546875 0.2256637171875 0.518309859375 0.216814159375 0.5 0.20943952812500002 0.49577464843749997 0.2197640125 0.5098591546875 0.2256637171875
1 0.47605633750000004 0.3820059 0.47605633750000004 0.36725663750000004 0.4661971828125 0.3657817109375 0.46197183124999996 0.379056046875 0.47605633750000004 0.3820059
1 0.6704225359375 0.452802359375 0.6732394359375 0.43805309687499994 0.657746478125 0.4365781703125 0.656338028125 0.44985250781249997 0.6704225359375 0.452802359375
1 0.6957746484375 0.49705014687500004 0.6915492953125 0.47787610625 0.6788732390625001 0.48525073750000003 0.6830985921875 0.49852507343749997 0.6957746484375 0.49705014687500004
1 0.3295774640625 0.8687315640625 0.3408450703125 0.8480825953125001 0.31408450781249997 0.8436578171875 0.3154929578125 0.8657817109374999 0.3295774640625 0.8687315640625
1 0.2830985921875 0.510324484375 0.2704225359375 0.5147492625 0.28732394375000003 0.5235988203125 0.2830985921875 0.510324484375