0 0.943113771875 0.0919540234375 0.10479041874999999 0.0919540234375 0.06287425156250001 0.12643678125 0.03892215625 0.09770115 0.0419161671875 0.9971264375000001 0.9281437125 0.9971264375000001 0.9251497000000001 0.9827586203124999 0.9940119765625001 0.9741379312499999 0.9760479046875 0.1178160921875 0.943113771875 0.0919540234375
1 0.1304248921875 0.32928650625 0.12377386875 0.3867945625 0.1326419703125 0.4315230453125 0.1925011796875 0.463471965625 0.263445359375 0.444302615625 0.3188706234375 0.39105435 0.3071633828125 0.3650489546875 0.303351503125 0.32289671875 0.2346243953125 0.3037273671875 0.165897084375 0.2994674828125 0.1304248921875 0.32928650625
1 0.96407185625 0.37643678125 0.9461077843749999 0.3534482765625 0.9461077843749999 0.34770115 0.9371257484375001 0.34482758593749996 0.9191616765624999 0.32758620625 0.9071856281249999 0.32758620625 0.9011976046875001 0.32183907968750003 0.871257484375 0.32183907968750003 0.8473053890625 0.3333333328125 0.8323353296875 0.34770115 0.82035928125 0.3706896546875 0.82035928125 0.3994252875 0.8263473046875 0.4051724140625 0.8323353296875 0.42816092031249997 0.8592814375 0.45402298906249994 0.8832335328124999 0.465517240625 0.9101796406249999 0.46264367812499996 0.9251497000000001 0.45977011562500003 0.9580838328124999 0.439655171875 0.96407185625 0.42816092031249997 0.96407185625 0.37643678125
1 0.8652694609375 0.5689655171875 0.8323353296875 0.6005747125 0.8323353296875 0.6580459765625 0.8652694609375 0.6954022984375 0.9161676640625 0.6925287359375 0.9461077843749999 0.6695402296874999 0.9520958078125 0.6178160921875 0.9071856281249999 0.5689655171875 0.8652694609375 0.5689655171875
1 0.53592814375 0.2816091953125 0.4910179640625 0.32471264375 0.5029940125000001 0.4166666671875 0.553892215625 0.47701149374999996 0.6167664671875001 0.485632184375 0.694610778125 0.42816092031249997 0.700598803125 0.3706896546875 0.6377245515625 0.298850575 0.53592814375 0.2816091953125
1 0.37425149687500003 0.7471264375 0.305389221875 0.87643678125 0.3682634734375 0.9482758625000001 0.44311377187499995 0.9568965515625001 0.4910179640625 0.92241379375 0.49700598749999997 0.8706896546875 0.44311377187499995 0.7787356328125 0.37425149687500003 0.7471264375
1 0.194610778125 0.6494252875 0.161676646875 0.6810344828125 0.1556886234375 0.72701149375 0.1886227546875 0.764367815625 0.22754491093749998 0.761494253125 0.25748502968750003 0.738505746875 0.26946107812500003 0.686781609375 0.24251497031249997 0.6551724140624999 0.194610778125 0.6494252875
1 0.78742515 0.9540229890624999 0.802395209375 0.87643678125 0.7574850296875 0.8448275859375001 0.700598803125 0.864942528125 0.6866065390625 0.9017692593750001 0.694610778125 0.9339080453124999 0.7275449109375 0.959770115625 0.78742515 0.9540229890624999
1 0.6407185625 0.2212643671875 0.664670659375 0.1695402296875 0.6137724546875 0.1494252875 0.586826346875 0.1925287359375 0.6407185625 0.2212643671875
1 0.0691681921875 0.6983420515625001 0.081623778125 0.7239841203124999 0.10778443124999999 0.7327586203124999 0.13173652656249998 0.6982758625 0.11187286874999999 0.67440950625 0.086826346875 0.67241379375 0.0691681921875 0.6983420515625001
1 0.371257484375 0.62356321875 0.39520958125 0.5718390796875 0.356287425 0.5574712640625 0.32934131718750004 0.5948275859375001 0.371257484375 0.62356321875
1 0.09580838281250001 0.939655171875 0.1137724546875 0.8994252875000001 0.068862275 0.87356321875 0.0419161671875 0.92241379375 0.09580838281250001 0.939655171875
1 0.43712574843749996 0.34770115 0.44311377187499995 0.313218390625 0.3982035921875 0.3045977015625 0.39520958125 0.3419540234375 0.43712574843749996 0.34770115
1 0.61077844375 0.9454022984374999 0.622754490625 0.92241379375 0.5958083828125 0.90229885 0.5748503 0.9281609203125001 0.61077844375 0.9454022984374999
1 0.13473053906250002 0.5287356328125 0.1137724546875 0.5431034484375 0.10778443124999999 0.5660919546875001 0.128742515625 0.5919540234375 0.1497005984375 0.5890804593750001 0.1676646703125 0.57758620625 0.1676646703125 0.5431034484375 0.1467065875 0.5287356328125 0.13473053906250002 0.5287356328125
1 0.13473053906250002 0.614942528125 0.1197604796875 0.6293103453125 0.1197604796875 0.6408045984374999 0.13473053906250002 0.6551724140624999 0.1497005984375 0.65229885 0.161676646875 0.6408045984374999 0.161676646875 0.6293103453125 0.1467065875 0.614942528125 0.13473053906250002 0.614942528125
1 0.068862275 0.436781609375 0.05988023906249999 0.451149425 0.0658682640625 0.46264367812499996 0.089820359375 0.46264367812499996 0.09580838281250001 0.4568965515625 0.09580838281250001 0.4454022984375 0.086826346875 0.436781609375 0.068862275 0.436781609375
1 0.36227544843750004 0.2068965515625 0.3443113765625 0.20114942500000002 0.32335329375 0.21551724062500002 0.32335329375 0.24425287343750002 0.338323353125 0.2586206890625 0.3592814375 0.2557471265625 0.371257484375 0.25 0.377245509375 0.23850574687499998 0.377245509375 0.2212643671875 0.36227544843750004 0.2068965515625
1 0.3323353296875 0.137931034375 0.32934131718750004 0.1580459765625 0.338323353125 0.1666666671875 0.3473053890625 0.163793103125 0.3592814375 0.1580459765625 0.3592814375 0.1465517234375 0.3502994015625 0.137931034375 0.3323353296875 0.137931034375
1 0.2784431140625 0.160919540625 0.26347305312499997 0.17528735625 0.26347305312499997 0.186781609375 0.27245508906250004 0.1954022984375 0.2934131734375 0.1925287359375 0.299401196875 0.186781609375 0.299401196875 0.1695402296875 0.29041916093750003 0.160919540625 0.2784431140625 0.160919540625
1 0.10179640781249999 0.15229885 0.11676646718749999 0.160919540625 0.12574850312500002 0.1580459765625 0.13173652656249998 0.15229885 0.13173652656249998 0.135057471875 0.10479041874999999 0.1321839078125 0.10179640781249999 0.15229885
1 0.06287425156250001 0.1954022984375 0.053892215624999996 0.2040229890625 0.053892215624999996 0.21551724062500002 0.068862275 0.22413793124999998 0.0718562875 0.2212643671875 0.0838323359375 0.21551724062500002 0.0838323359375 0.2040229890625 0.07485030000000001 0.1954022984375 0.06287425156250001 0.1954022984375
1 0.5029940125000001 0.1695402296875 0.5119760484375 0.1781609203125 0.53293413125 0.17528735625 0.5389221562500001 0.1580459765625 0.5239520953125 0.14367816093750002 0.5029940125000001 0.15229885 0.5029940125000001 0.1695402296875
1 0.12275449062499999 0.235632184375 0.1197604796875 0.2557471265625 0.128742515625 0.264367815625 0.13173652656249998 0.261494253125 0.143712575 0.2557471265625 0.143712575 0.24425287343750002 0.13473053906250002 0.235632184375 0.12275449062499999 0.235632184375
1 0.53293413125 0.21551724062500002 0.53592814375 0.22988505781250002 0.556886228125 0.22701149375 0.556886228125 0.21551724062500002 0.5479041921875 0.2068965515625 0.5419161671875 0.2068965515625 0.53293413125 0.21551724062500002
1 0.6916167671875 0.1839080453125 0.6886227546875 0.2040229890625 0.697604790625 0.21264367812499999 0.7065868265625 0.20977011562499998 0.718562875 0.1982758625 0.718562875 0.1925287359375 0.7095808390625 0.1839080453125 0.6916167671875 0.1839080453125
1 0.643712575 0.2816091953125 0.664670659375 0.2787356328125 0.6706586828125001 0.2672413796875 0.6616766468749999 0.2586206890625 0.6407185625 0.261494253125 0.643712575 0.2816091953125
1 0.7544910171875 0.186781609375 0.7544910171875 0.2040229890625 0.763473053125 0.21264367812499999 0.7844311375 0.20977011562499998 0.7844311375 0.186781609375 0.7754491015625 0.1781609203125 0.763473053125 0.1781609203125 0.7544910171875 0.186781609375
1 0.8652694609375 0.12643678125 0.856287425 0.135057471875 0.856287425 0.1580459765625 0.871257484375 0.1666666671875 0.8862275453124999 0.163793103125 0.89221556875 0.1580459765625 0.89221556875 0.135057471875 0.8832335328124999 0.12643678125 0.8652694609375 0.12643678125
1 0.9191616765624999 0.12643678125 0.9101796406249999 0.135057471875 0.9101796406249999 0.15229885 0.9191616765624999 0.160919540625 0.9401197609375 0.1580459765625 0.9461077843749999 0.15229885 0.9461077843749999 0.135057471875 0.9371257484375001 0.12643678125 0.9191616765624999 0.12643678125
1 0.7425149703125 0.163793103125 0.7395209578124999 0.1494252875 0.7245508984375 0.15229885 0.7275449109375 0.1666666671875 0.7425149703125 0.163793103125
1 0.7784431140625 0.15229885 0.7754491015625 0.137931034375 0.7604790421875001 0.14080459843749998 0.763473053125 0.15517241406249999 0.7784431140625 0.15229885
1 0.8083832328125 0.1925287359375 0.81736526875 0.20114942500000002 0.8263473046875 0.1982758625 0.8323353296875 0.1925287359375 0.8323353296875 0.1810344828125 0.8113772453125 0.1781609203125 0.8083832328125 0.1925287359375
1 0.7844311375 0.1695402296875 0.7904191609375 0.1695402296875 0.7964071859375 0.163793103125 0.7934131734375 0.1494252875 0.7844311375 0.15229885 0.7844311375 0.1695402296875
1 0.799401196875 0.14367816093750002 0.8143712578125 0.14080459843749998 0.82035928125 0.135057471875 0.81736526875 0.12643678125 0.7964071859375 0.12931034531250002 0.799401196875 0.14367816093750002
1 0.9461077843749999 0.7557471265625 0.9461077843749999 0.7672413796875001 0.9550898203125 0.77586206875 0.9700598796875 0.77298850625 0.9760479046875 0.7672413796875001 0.9760479046875 0.7557471265625 0.9550898203125 0.7471264375 0.9461077843749999 0.7557471265625
1 0.8802395203125 0.24425287343750002 0.8892215562500001 0.2528735625 0.9041916171875 0.25 0.9011976046875001 0.235632184375 0.8892215562500001 0.22988505781250002 0.8802395203125 0.23850574687499998 0.8802395203125 0.24425287343750002
1 0.694610778125 0.284482759375 0.6916167671875 0.2701149421875 0.6706586828125001 0.27298850625000004 0.6736526953124999 0.28735632187500004 0.694610778125 0.284482759375
1 0.28742515 0.5660919546875001 0.29041916093750003 0.5804597703125001 0.3113772453125 0.57758620625 0.3113772453125 0.5660919546875001 0.30239520937500003 0.5574712640625 0.29640718593750004 0.5574712640625 0.28742515 0.5660919546875001
1 0.2934131734375 0.738505746875 0.29640718593750004 0.7586206890625 0.31736526875000004 0.7557471265625 0.32335329375 0.75 0.32035928125 0.735632184375 0.3083832328125 0.7298850578125 0.2934131734375 0.738505746875
1 0.161676646875 0.8706896546875 0.161676646875 0.887931034375 0.1856287421875 0.887931034375 0.1916167671875 0.8821839078125 0.1856287421875 0.864942528125 0.17065868281250002 0.862068965625 0.161676646875 0.8706896546875
1 0.2395209578125 0.9798850578125 0.2395209578125 0.9971264375000001 0.26347305312499997 0.9971264375000001 0.26946107812500003 0.9856321843750001 0.26347305312499997 0.9741379312499999 0.24850299374999998 0.9712643671875 0.2395209578125 0.9798850578125
1 0.21556886249999999 0.23850574687499998 0.21556886249999999 0.25 0.22455089843749998 0.2586206890625 0.22754491093749998 0.2557471265625 0.2395209578125 0.25 0.2395209578125 0.23850574687499998 0.22455089843749998 0.22988505781250002 0.21556886249999999 0.23850574687499998
1 0.21556886249999999 0.20977011562499998 0.22455089843749998 0.2183908046875 0.23353293437499997 0.21551724062500002 0.2395209578125 0.20977011562499998 0.23053892187499997 0.20114942500000002 0.22455089843749998 0.20114942500000002 0.21556886249999999 0.20977011562499998
1 0.3113772453125 0.12931034531250002 0.3083832328125 0.11494252812500001 0.2934131734375 0.1178160921875 0.29640718593750004 0.1321839078125 0.3113772453125 0.12931034531250002
1 0.44311377187499995 0.11206896562499999 0.46107784374999994 0.11206896562499999 0.46706586874999995 0.10632183906249999 0.46706586874999995 0.0948275859375 0.446107784375 0.0919540234375 0.44311377187499995 0.11206896562499999
1 0.3682634734375 0.14367816093750002 0.377245509375 0.14080459843749998 0.377245509375 0.12356321875000001 0.36227544843750004 0.1206896546875 0.3592814375 0.135057471875 0.3682634734375 0.14367816093750002
1 0.5988023953125 0.12931034531250002 0.5958083828125 0.11494252812500001 0.5748503 0.1178160921875 0.5778443109375 0.1321839078125 0.5988023953125 0.12931034531250002
1 0.6706586828125001 0.22701149375 0.6706586828125001 0.2327586203125 0.67964071875 0.24137931093749998 0.694610778125 0.23850574687499998 0.694610778125 0.22701149375 0.6856287421875 0.2183908046875 0.67964071875 0.2183908046875 0.6706586828125001 0.22701149375
1 0.9101796406249999 0.27298850625000004 0.9071856281249999 0.2586206890625 0.89221556875 0.261494253125 0.8952095812499999 0.27586206875 0.9101796406249999 0.27298850625000004
1 0.9341317359374999 0.5316091953125001 0.9341317359374999 0.548850575 0.9461077843749999 0.548850575 0.9520958078125 0.5431034484375 0.9520958078125 0.5316091953125001 0.943113771875 0.52298850625 0.9341317359374999 0.5316091953125001
1 0.550898203125 0.84770115 0.5598802390625 0.862068965625 0.5748503 0.8591954015625 0.5808383234375001 0.84770115 0.5718562875 0.839080459375 0.5598802390625 0.839080459375 0.550898203125 0.84770115
1 0.09580838281250001 0.8074712640625 0.10778443124999999 0.8074712640625 0.1137724546875 0.8017241374999999 0.10479041874999999 0.7931034484375 0.0988023953125 0.7931034484375 0.09580838281250001 0.8074712640625
1 0.0718562875 0.8132183906250001 0.0838323359375 0.8132183906250001 0.089820359375 0.8074712640625 0.089820359375 0.7959770109375001 0.07485030000000001 0.7931034484375 0.0718562875 0.8132183906250001
1 0.2035928140625 0.836206896875 0.2035928140625 0.84770115 0.22155688593749998 0.84770115 0.22754491093749998 0.836206896875 0.218562875 0.82758620625 0.21257484999999998 0.82758620625 0.2035928140625 0.836206896875
1 0.11077844375000001 0.235632184375 0.10479041874999999 0.22988505781250002 0.09580838281250001 0.2327586203125 0.09580838281250001 0.24425287343750002 0.10479041874999999 0.2528735625 0.11676646718749999 0.2528735625 0.128742515625 0.264367815625 0.13772455156250002 0.261494253125 0.143712575 0.2557471265625 0.143712575 0.24425287343750002 0.13473053906250002 0.235632184375 0.11077844375000001 0.235632184375
1 0.38922155625 0.2212643671875 0.3982035921875 0.22988505781250002 0.407185628125 0.22701149375 0.413173653125 0.2212643671875 0.410179640625 0.21264367812499999 0.38922155625 0.21551724062500002 0.38922155625 0.2212643671875