0 0.9828571421875001 0.2679558015625 0.9657142859375 0.140883978125 0.19714285781250002 0.09944751406249999 0.1828571421875 0.17955801093749998 0.151428571875 0.193370165625 0.13999999999999999 0.0939226515625 0.131428571875 0.16298342500000002 0.0857142859375 0.1740331484375 0.068571428125 0.9309392265625 0.0942857140625 0.95027624375 0.9142857140625 0.9861878453124999 0.831428571875 0.966850828125 0.828571428125 0.94198895 0.9542857140625 0.9254143640624999 0.9828571421875001 0.2679558015625
1 0.34571428593750003 0.1546961328125 0.3257142859375 0.21823204375 0.368571428125 0.254143646875 0.40571428593750003 0.25138121562500004 0.44000000000000006 0.21823204375 0.4342857140625 0.17955801093749998 0.3857142859375 0.1491712703125 0.34571428593750003 0.1546961328125
1 0.4942857140625 0.4364640890625 0.531428571875 0.43922651874999996 0.5599999999999999 0.3784530390625 0.5057142859375 0.3535911609375 0.47428571406250003 0.4060773484375 0.4942857140625 0.4364640890625
1 0.2257142859375 0.806629834375 0.2171428578125 0.8701657453125 0.2542857140625 0.9005524859375 0.291428571875 0.8977900546875001 0.32 0.8756906078125001 0.32 0.8259668515625 0.288571428125 0.801104971875 0.2257142859375 0.806629834375
1 0.7342857140625 0.690607734375 0.6628571421875 0.748618784375 0.6628571421875 0.8425414359375001 0.7228571421875001 0.922651934375 0.8057142859375 0.9309392265625 0.8857142859374999 0.8867403312500001 0.9028571421875 0.7817679562500001 0.8371428578125 0.7071823203125 0.7342857140625 0.690607734375
1 0.1828571421875 0.33977900625 0.1942857140625 0.306629834375 0.151428571875 0.2928176796875 0.1428571421875 0.33425414375 0.1828571421875 0.33977900625
1 0.4171428578125 0.55524861875 0.4171428578125 0.588397790625 0.448571428125 0.6187845296875001 0.4857142859375 0.6160221 0.5142857140625 0.582872928125 0.508571428125 0.5441988953125 0.448571428125 0.5248618781250001 0.4171428578125 0.55524861875
1 0.42285714218750003 0.4834254140625 0.44571428593749995 0.43922651874999996 0.39714285781249997 0.414364640625 0.371428571875 0.4613259671875 0.42285714218750003 0.4834254140625
1 0.3657142859375 0.33425414375 0.388571428125 0.2955801109375 0.34571428593750003 0.27624309375 0.3257142859375 0.312154696875 0.3657142859375 0.33425414375
1 0.28571428593750003 0.256906078125 0.291428571875 0.21823204375 0.26 0.21546961250000002 0.251428571875 0.25138121562500004 0.28571428593750003 0.256906078125
1 0.22857142812500003 0.2127071828125 0.2342857140625 0.1685082875 0.191428571875 0.16574585625 0.1828571421875 0.20165745781250002 0.22857142812500003 0.2127071828125
1 0.688571428125 0.2375690609375 0.651428571875 0.2679558015625 0.651428571875 0.33425414375 0.6828571421875 0.3701657453125 0.72 0.3729281765625 0.7657142859375 0.33977900625 0.7771428578124999 0.29005524843749997 0.751428571875 0.24861878437499998 0.688571428125 0.2375690609375
1 0.44571428593749995 0.9198895031250001 0.4571428578125 0.8977900546875001 0.42571428593749994 0.8784530390624999 0.411428571875 0.9088397796875001 0.44571428593749995 0.9198895031250001
1 0.38 0.8563535906249999 0.3542857140625 0.8646408843750001 0.3828571421875 0.8812154703124999 0.38 0.8563535906249999
1 0.12 0.4005524859375 0.111428571875 0.3701657453125 0.0857142859375 0.3784530390625 0.0942857140625 0.4033149171875 0.12 0.4005524859375
1 0.11428571406250002 0.5276243093749999 0.12 0.5055248625 0.1 0.49723756874999997 0.091428571875 0.5276243093749999 0.11428571406250002 0.5276243093749999
1 0.1 0.55801105 0.091428571875 0.5773480656250001 0.11428571406250002 0.582872928125 0.1 0.55801105
1 0.1 0.6243093921875 0.091428571875 0.643646409375 0.10857142812500001 0.643646409375 0.1 0.6243093921875
1 0.4828571421875 0.6464088390625 0.47428571406250003 0.67127071875 0.4971428578125 0.67127071875 0.4828571421875 0.6464088390625
1 0.508571428125 0.9475138125000001 0.5057142859375 0.9337016578125 0.4857142859375 0.9364640890624999 0.48857142812500004 0.95027624375 0.508571428125 0.9475138125000001
1 0.5714285718750001 0.9088397796875001 0.5714285718750001 0.9143646406249999 0.58 0.922651934375 0.5885714281250001 0.9198895031250001 0.5942857140625 0.9088397796875001 0.5857142859375 0.9005524859375 0.58 0.9005524859375 0.5714285718750001 0.9088397796875001
1 0.468571428125 0.720994475 0.4771428578125 0.7292817671875 0.4857142859375 0.7265193375 0.49142857187500005 0.7154696125 0.4828571421875 0.7071823203125 0.47142857187500004 0.7071823203125 0.468571428125 0.720994475
1 0.5657142859375 0.7044198890625 0.5628571421874999 0.690607734375 0.548571428125 0.693370165625 0.551428571875 0.7071823203125 0.5657142859375 0.7044198890625
1 0.5885714281250001 0.693370165625 0.5914285718750001 0.7071823203125 0.611428571875 0.7044198890625 0.611428571875 0.693370165625 0.6028571421875 0.6850828734375 0.5971428578125 0.6850828734375 0.5885714281250001 0.693370165625
1 0.33714285781250003 0.477900553125 0.3342857140625 0.4585635359375 0.3142857140625 0.4613259671875 0.3171428578125 0.4806629828125 0.33714285781250003 0.477900553125
1 0.36 0.5276243093749999 0.36 0.5110497234375 0.34571428593750003 0.5082872921875 0.3428571421875 0.5276243093749999 0.36 0.5276243093749999
1 0.5542857140625 0.5055248625 0.5714285718750001 0.5055248625 0.5714285718750001 0.4889502765625 0.5628571421874999 0.4861878453125 0.5542857140625 0.4944751375 0.5542857140625 0.5055248625
1 0.4542857140625 0.3204419890625 0.46285714218749996 0.3176795578125 0.46285714218749996 0.30110497187499996 0.448571428125 0.2983425421875 0.44571428593749995 0.312154696875 0.4542857140625 0.3204419890625
1 0.911428571875 0.4088397796875 0.9028571421875 0.417127071875 0.9028571421875 0.42817679531249997 0.911428571875 0.4364640890625 0.9314285718749999 0.4337016578125 0.9371428578125001 0.42817679531249997 0.9371428578125001 0.417127071875 0.9285714281249999 0.4088397796875 0.911428571875 0.4088397796875
1 0.9285714281249999 0.4640883984375 0.9142857140625 0.477900553125 0.9142857140625 0.4889502765625 0.9228571421874999 0.49723756874999997 0.9371428578125001 0.4944751375 0.9428571421875 0.4889502765625 0.9428571421875 0.472375690625 0.9342857140625 0.4640883984375 0.9285714281249999 0.4640883984375
1 0.908571428125 0.604972375 0.911428571875 0.6243093921875 0.9371428578125001 0.6215469609375 0.9371428578125001 0.604972375 0.9285714281249999 0.5966850828125 0.9171428578124999 0.5966850828125 0.908571428125 0.604972375
1 0.9485714281250001 0.42817679531249997 0.9657142859375 0.42817679531249997 0.9657142859375 0.4060773484375 0.951428571875 0.4033149171875 0.9428571421875 0.41160220937499997 0.9485714281250001 0.42817679531249997
1 0.9342857140625 0.2983425421875 0.9314285718749999 0.3176795578125 0.9400000000000001 0.3259668515625 0.9485714281250001 0.3232044203125 0.9542857140625 0.3176795578125 0.9542857140625 0.306629834375 0.9457142859375001 0.2983425421875 0.9342857140625 0.2983425421875
1 0.8885714281249999 0.16022099375 0.8800000000000001 0.17955801093749998 0.8885714281249999 0.187845303125 0.9028571421875 0.18508287343750002 0.908571428125 0.17955801093749998 0.908571428125 0.1685082875 0.9 0.16022099375 0.8885714281249999 0.16022099375
1 0.9571428578125 0.24309392187499998 0.9485714281250001 0.25138121562500004 0.9485714281250001 0.26243093906250003 0.9571428578125 0.2707182328125 0.971428571875 0.2679558015625 0.9771428578125001 0.26243093906250003 0.9771428578125001 0.25138121562500004 0.968571428125 0.24309392187499998 0.9571428578125 0.24309392187499998
1 0.8228571421875 0.1574585640625 0.831428571875 0.16574585625 0.8457142859375001 0.16298342500000002 0.8428571421875001 0.143646409375 0.831428571875 0.143646409375 0.8228571421875 0.1519337015625 0.8228571421875 0.1574585640625
1 0.6971428578125 0.1740331484375 0.7057142859375001 0.18232044218750001 0.7142857140625 0.17955801093749998 0.72 0.1740331484375 0.72 0.16298342500000002 0.7 0.16022099375 0.6971428578125 0.1740331484375
1 0.528571428125 0.193370165625 0.531428571875 0.190607734375 0.5371428578125 0.17955801093749998 0.5228571421875 0.17679557968749998 0.52 0.18508287343750002 0.528571428125 0.193370165625
1 0.10857142812500001 0.4834254140625 0.10571428593750001 0.469613259375 0.091428571875 0.472375690625 0.0942857140625 0.4861878453125 0.10857142812500001 0.4834254140625
1 0.5856105828125 0.7254073203125 0.58471713125 0.7159408453125 0.5743699890625 0.7164483265625 0.5723863546875 0.724767375 0.5730475890625 0.7254073203125 0.5856105828125 0.7254073203125
1 0.6226385203125 0.6588548234375 0.6154743140625001 0.6535878015625001 0.6061081890625 0.6537353921875 0.61139786875 0.6658940390625 0.6226385203125 0.6658940390625 0.6226385203125 0.6588548234375
1 0.6278668796875 0.42505886249999997 0.621915965625 0.41801964687500004 0.6085291421875 0.413768403125 0.607369275 0.42825848125 0.6159650578125 0.43721748125 0.6272056453125 0.43273799999999996 0.6278668796875 0.42505886249999997
1 0.369600365625 0.575441884375 0.386130640625 0.5728821828124999 0.37834637187500003 0.5730084859375 0.3755512796875 0.5568839718749999 0.3649718625 0.5575239171875 0.36431062812500004 0.5677627515625 0.369600365625 0.575441884375
1 0.1100336921875 0.6128377453125 0.11145341718749999 0.6027460890625 0.0941645890625 0.6057985296874999 0.0948258234375 0.6173172328125001 0.10672764531250001 0.6224366625 0.1100336921875 0.6128377453125
1 0.6136574515625 0.644766596875 0.6164664796875 0.6315244203125 0.6037392625 0.62876838125 0.5971271203125 0.6377273812500001 0.605722903125 0.6473262984375 0.6136574515625 0.644766596875
1 0.9298005890625 0.3269324921875 0.914592725 0.3269324921875 0.9152539546874999 0.340370978125 0.9258333140625 0.34677024375 0.9298005890625 0.3269324921875
1 0.953604240625 0.349329971875 0.961740640625 0.335107640625 0.9469921546875 0.3307720609375 0.9423636453125 0.33333176249999996 0.9469921546875 0.3448504578125 0.953604240625 0.349329971875
1 0.6146537999999999 0.724391546875 0.6007683375 0.72951095 0.6007683375 0.7442292984375001 0.6172986109374999 0.74358938125 0.6146537999999999 0.724391546875
1 0.0965709140625 0.3024921984375 0.09778908593749999 0.291380265625 0.08522602812499999 0.29010040312499996 0.0819199890625 0.303538884375 0.0965709140625 0.3024921984375
1 0.1183985890625 0.312084978125 0.123576371875 0.30225905000000003 0.109029675 0.3028989671875 0.10638480624999999 0.31313780156250004 0.1183985890625 0.312084978125
1 0.7920800625 0.1451706734375 0.7918900578125 0.1350511828125 0.7786658281250001 0.133771315625 0.776020959375 0.1452900171875 0.7920800625 0.1451706734375
1 0.6545996453125 0.1679712375 0.6402784921875 0.166274784375 0.6407141828125 0.175010425 0.649309965625 0.1794899390625 0.6539384109374999 0.1794899390625 0.6545996453125 0.1679712375