0 0.9384436624999999 0.10812055937500001 0.067403215625 0.0811428625 0.02400671875 0.9535857999999999 0.88543295 0.985576234375 0.9384436624999999 0.10812055937500001
1 0.38674033125 0.4771428578125 0.41160220937499997 0.508571428125 0.4475138125 0.511428571875 0.475138121875 0.48857142812500004 0.4806629828125 0.44285714218749994 0.417127071875 0.4171428578125 0.38674033125 0.4771428578125
1 0.693370165625 0.6457142859375 0.66022099375 0.6571428578125 0.6298342546875 0.711428571875 0.6546961328124999 0.76 0.7127071828125 0.7742857140625 0.756906078125 0.751428571875 0.7679558015625 0.6942857140625 0.7375690609375 0.651428571875 0.693370165625 0.6457142859375
1 0.5773480656250001 0.4857142859375 0.5690607734375 0.54 0.6243093921875 0.5571428578125001 0.6519337015625 0.5342857140625 0.6464088390625 0.4942857140625 0.6104972375 0.47428571406250003 0.5773480656250001 0.4857142859375
1 0.5690607734375 0.44285714218749994 0.5911602203124999 0.39714285781249997 0.5441988953125 0.371428571875 0.5193370171875 0.42000000000000004 0.5690607734375 0.44285714218749994
1 0.756906078125 0.3571428578125 0.751381215625 0.4028571421875 0.77624309375 0.4342857140625 0.8176795578125 0.4371428578125 0.8453038671875 0.4142857140625 0.8563535906249999 0.3571428578125 0.8093922656249999 0.32 0.756906078125 0.3571428578125
1 0.7127071828125 0.3857142859375 0.7292817671875 0.34571428593750003 0.693370165625 0.3257142859375 0.6740331484375 0.3742857140625 0.7127071828125 0.3857142859375
1 0.7845303875 0.29428571406250004 0.7900552484375 0.26 0.7596685078125 0.251428571875 0.745856353125 0.2828571421875 0.7845303875 0.29428571406250004
1 0.82872928125 0.23714285781250002 0.8453038671875 0.2028571421875 0.803867403125 0.1828571421875 0.7900552484375 0.2257142859375 0.82872928125 0.23714285781250002
1 0.696132596875 0.191428571875 0.7127071828125 0.151428571875 0.6823204421875 0.1371428578125 0.662983425 0.18 0.696132596875 0.191428571875
1 0.104972375 0.2542857140625 0.1104972375 0.3 0.16022099375 0.3228571421875 0.20441988906250003 0.2828571421875 0.20441988906250003 0.23714285781250002 0.1685082875 0.21142857187500003 0.104972375 0.2542857140625
1 0.2403314921875 0.6571428578125 0.12430939218749999 0.6799999999999999 0.0718232046875 0.7571428578125 0.104972375 0.871428571875 0.1519337015625 0.9028571421875 0.20441988906250003 0.9057142859375 0.26243093906250003 0.8800000000000001 0.31491712656250004 0.791428571875 0.2983425421875 0.6942857140625 0.2403314921875 0.6571428578125
1 0.5911602203124999 0.9342857140625 0.5966850828125 0.911428571875 0.5773480656250001 0.9028571421875 0.5690607734375 0.9342857140625 0.5911602203124999 0.9342857140625
1 0.533149171875 0.9142857140625 0.5082872921875 0.9228571421874999 0.5359116015625001 0.9400000000000001 0.533149171875 0.9142857140625
1 0.395027625 0.9028571421875 0.3756906078125 0.9285714281249999 0.4033149171875 0.9400000000000001 0.395027625 0.9028571421875
1 0.2955801109375 0.468571428125 0.27624309375 0.4771428578125 0.2983425421875 0.48857142812500004 0.2955801109375 0.468571428125
1 0.138121546875 0.3857142859375 0.1491712703125 0.3628571421875 0.1298342546875 0.3542857140625 0.12154696093749999 0.38 0.138121546875 0.3857142859375
1 0.3176795578125 0.5885714281250001 0.2983425421875 0.5914285718750001 0.309392265625 0.6142857140625 0.3176795578125 0.5885714281250001
1 0.5939226515625 0.9428571421875 0.5745856359375 0.951428571875 0.6022099453124999 0.9628571421875 0.5939226515625 0.9428571421875
1 0.7044198890625 0.9314285718749999 0.6795580109375 0.9400000000000001 0.7071823203125 0.951428571875 0.7044198890625 0.9314285718749999
1 0.8259668515625 0.8800000000000001 0.8176795578125 0.9 0.83977900625 0.9057142859375 0.8259668515625 0.8800000000000001
1 0.5469613265625 0.3171428578125 0.5276243093749999 0.3142857140625 0.5414364640625 0.33999999999999997 0.5469613265625 0.3171428578125
1 0.35911602187499997 0.4828571421875 0.33425414375 0.47428571406250003 0.3480662984375 0.5 0.35911602187499997 0.4828571421875
1 0.6298342546875 0.1171428578125 0.6325966843749999 0.091428571875 0.6022099453124999 0.0942857140625 0.604972375 0.12 0.6298342546875 0.1171428578125
1 0.5 0.091428571875 0.475138121875 0.1 0.4917127078125 0.12285714218749999 0.5 0.091428571875
1 0.44198895 0.1171428578125 0.4475138125 0.1 0.422651934375 0.091428571875 0.419889503125 0.111428571875 0.44198895 0.1171428578125
1 0.3977900546875 0.111428571875 0.3895027625 0.091428571875 0.35911602187499997 0.0942857140625 0.361878453125 0.11428571406250002 0.3977900546875 0.111428571875
1 0.8259668515625 0.6971428578125 0.8232044203125 0.7171428578125 0.8453038671875 0.7228571421875001 0.8259668515625 0.6971428578125
1 0.693370165625 0.46285714218749996 0.7071823203125 0.45999999999999996 0.7044198890625 0.44571428593749995 0.693370165625 0.44571428593749995 0.6850828734375 0.4542857140625 0.693370165625 0.46285714218749996
1 0.8204419890624999 0.5142857140625 0.812154696875 0.5228571421875 0.812154696875 0.5342857140625 0.8204419890624999 0.5428571421874999 0.82872928125 0.54 0.83425414375 0.5342857140625 0.83425414375 0.5228571421875 0.8259668515625 0.5142857140625 0.8204419890624999 0.5142857140625