1 0.23383084531249998 0.13509749375 0.2686567171875 0.132311978125 0.2587064671875 0.1072423390625 0.20149253749999999 0.0612813375 0.171641790625 0.0612813375 0.129353234375 0.07938718593750001 0.124378109375 0.11281337031250001 0.169154228125 0.18523676875 0.20646766093750002 0.20334261874999998 0.2388059703125 0.20194986093749998 0.320895521875 0.194986071875 0.32835820937500004 0.1657381609375 0.2388059703125 0.1545961 0.23383084531249998 0.13509749375
1 0.08955223906250001 0.6030640671875 0.0845771140625 0.6281337046875 0.10199005000000001 0.6406685234375 0.14676616874999998 0.6545961 0.20398010000000003 0.6532033421875 0.273631840625 0.6225626734375 0.24626865625 0.5933147625 0.1567164171875 0.5821727015625 0.08955223906250001 0.6030640671875
1 0.129353234375 0.5417827296875 0.1840796015625 0.550139275 0.2089552234375 0.5222841218750001 0.171641790625 0.5041782734375 0.129353234375 0.5222841218750001 0.129353234375 0.5417827296875
1 0.0099502484375 0.990250696875 0.9651741296875 0.9986072421875001 1 0.990250696875 0.995024875 0.0348189421875 0.0074626859375 0.03064066875 0.0099502484375 0.990250696875
1 0.218905471875 0.7729805015625 0.23383084531249998 0.750696378125 0.19651741250000002 0.740947075 0.17910447812500002 0.7674094703125001 0.218905471875 0.7729805015625
1 0.29850746250000004 0.6977715875 0.3134328359375 0.67270195 0.2611940296875 0.6657381609375 0.24875621875 0.6894150421874999 0.29850746250000004 0.6977715875
1 0.3134328359375 0.7116991640625 0.34825870625 0.7200557109375 0.3681592046875 0.6977715875 0.3407960203125 0.688022284375 0.3134328359375 0.6977715875 0.3134328359375 0.7116991640625
1 0.3333333328125 0.7841225625 0.34825870625 0.7646239546875 0.31592039843749997 0.7548746515625 0.2935323390625 0.7757660171875 0.3333333328125 0.7841225625
1 0.174129353125 0.8342618390625001 0.1840796015625 0.8537604453125001 0.2388059703125 0.8565459609375001 0.25373134375 0.8231197765625 0.226368159375 0.8133704734375 0.19154228906249998 0.8189415046875 0.174129353125 0.8342618390625001
1 0.4378109453125 0.8983286906249999 0.46766169218750003 0.903899721875 0.5124378109375 0.8844011140625 0.4900497515625 0.860724234375 0.4378109453125 0.8788300828125 0.4378109453125 0.8983286906249999
1 0.226368159375 0.9888579390625001 0.20646766093750002 0.9805013921875 0.174129353125 0.9930362109375 0.2835820890625 0.9930362109375 0.3383084578125 0.9679665734375 0.325870646875 0.9470752093750001 0.2313432828125 0.9777158781249999 0.226368159375 0.9888579390625001
1 1 0.03760445625 0.619402984375 0.03064066875 0.6094527359375 0.0111420609375 0.5995024875 0.03064066875 0.46517412968749994 0.022284121875 0.42039800937500005 0.03064066875 0.0024875624999999998 0.03064066875 0.0049751249999999995 0.984679665625 0.54726368125 0.9986072421875001 0.9577114421875 0.99442896875 1 0.984679665625 1 0.03760445625
1 0.5621890546875 0.9707520890625 0.577114428125 0.95125348125 0.54477611875 0.941504178125 0.527363184375 0.9651810578125 0.5621890546875 0.9707520890625
1 0.46019900468749997 0.99442896875 0.5124378109375 0.9930362109375 0.5174129359374999 0.9623955437499999 0.46517412968749994 0.9554317546875 0.4427860703125 0.984679665625 0.46019900468749997 0.99442896875
1 0.6865671640625 0.990250696875 0.875621890625 0.9930362109375 0.8582089546875 0.9805013921875 0.773631840625 0.96935933125 0.728855721875 0.9721448468749999 0.6865671640625 0.990250696875
1 0.85572139375 0.8899721453125 0.8606965171875001 0.928969359375 0.9427860703125001 0.9526462390624999 0.9900497515625 0.95125348125 1 0.8704735375 0.9427860703125001 0.860724234375 0.8830845765625 0.8690807796875 0.85572139375 0.8899721453125
1 0.726368159375 0.7339832875 0.6641791046875001 0.7325905296874999 0.6343283578125 0.6963788296875 0.5970149250000001 0.70334261875 0.5845771140625 0.7353760453125 0.522388059375 0.7451253484375 0.4925373140625 0.7701949859375 0.4925373140625 0.8064066859375 0.5024875625 0.8593314765625 0.54726368125 0.9122562671875001 0.619402984375 0.935933146875 0.676616915625 0.934540390625 0.75124378125 0.903899721875 0.7761194031249999 0.87604456875 0.7960199 0.7980501390625 0.726368159375 0.7339832875
1 0.0024875624999999998 0.03064066875 0.0049751249999999995 0.984679665625 0.1417910453125 0.99442896875 0.7910447765625 0.9930362109375 0.9925373140625 0.9916434546874999 1 0.9763231203125 0.995024875 0.03760445625 0.0024875624999999998 0.03064066875
1 0.828358209375 0.7827298046875 0.85074626875 0.7841225625 0.870646765625 0.7646239546875 0.8383084578125001 0.7520891359374999 0.8159203984375001 0.7674094703125001 0.828358209375 0.7827298046875
1 0.977611940625 0.793871865625 0.9601990046875001 0.8064066859375 0.9850746265625 0.8119777156250001 0.977611940625 0.793871865625
1 0.8582089546875 0.9805013921875 0.800995025 0.990250696875 0.880597015625 0.9930362109375 0.8582089546875 0.9805013921875
1 0.8308457718750001 0.5 0.7611940296874999 0.533426184375 0.7412935328125 0.558495821875 0.7761194031249999 0.5779944296874999 0.781094528125 0.6225626734375 0.8358208953125 0.644846796875 0.875621890625 0.6838440109375 0.8880597015625 0.688022284375 0.9004975125 0.6615598890625 0.9328358203124999 0.6545961 0.9601990046875001 0.67270195 0.9601990046875001 0.7089136484375 0.995024875 0.7116991640625 1 0.40807799375 0.9626865671875 0.40111420625000005 0.8855721390625 0.4220055703125 0.8308457718750001 0.5
1 0.5646766171875 0.25348189374999996 0.5248756218749999 0.24791086406249999 0.504975125 0.259052925 0.4353233828125 0.259052925 0.41542288593750004 0.231197771875 0.3606965171875 0.22841225625 0.25124378125 0.24791086406249999 0.20398010000000003 0.268802228125 0.17910447812500002 0.293871865625 0.1840796015625 0.33008356562499996 0.281094528125 0.39554317499999997 0.3407960203125 0.40111420625000005 0.3855721390625 0.42339832812499995 0.5099502484375 0.43175487500000004 0.64427860625 0.5041782734375 0.6616915421875 0.5027855156250001 0.676616915625 0.4526462390625 0.74378109375 0.43175487500000004 0.7910447765625 0.3941504171875 0.5646766171875 0.25348189374999996
1 0.5248756218749999 0.47353760468750006 0.44527363124999997 0.47353760468750006 0.40796019843750003 0.49442896875000003 0.42288557187500003 0.5417827296875 0.4825870640625 0.552924790625 0.529850746875 0.5431754875 0.5671641796875 0.5139275765625 0.5572139296875 0.48885793906249997 0.5248756218749999 0.47353760468750006
1 0.24626865625 0.4679665734375 0.223880596875 0.49164345468750004 0.23383084531249998 0.527855153125 0.281094528125 0.5459610031250001 0.32835820937500004 0.5473537609375 0.3681592046875 0.5250696375 0.3631840796875 0.477715878125 0.325870646875 0.46239554375 0.24626865625 0.4679665734375
1 0.380597015625 0.5571030640625 0.35323383124999996 0.5779944296874999 0.35820895468749997 0.6002785515625 0.3905472640625 0.6183844015625 0.42288557187500003 0.619777159375 0.46766169218750003 0.6058495828125 0.477611940625 0.58077994375 0.44527363124999997 0.5598885796874999 0.380597015625 0.5571030640625
1 0.4825870640625 0.5779944296874999 0.522388059375 0.589136490625 0.54726368125 0.58077994375 0.54726368125 0.5668523671875 0.49502487500000003 0.5571030640625 0.4825870640625 0.5779944296874999
1 0.5174129359374999 0.6225626734375 0.5572139296875 0.6337047359375 0.577114428125 0.6114206125 0.54477611875 0.59888579375 0.5174129359374999 0.608635096875 0.5174129359374999 0.6225626734375
1 0.47014925312500006 0.6183844015625 0.41542288593750004 0.6295264625 0.373134328125 0.664345403125 0.3830845765625 0.706128134375 0.430348259375 0.7298050140625 0.46766169218750003 0.731197771875 0.5174129359374999 0.7116991640625 0.5373134328125 0.6615598890625 0.527363184375 0.6337047359375 0.47014925312500006 0.6183844015625
1 0.6716417906250001 0.5947075203125001 0.6815920390625 0.5779944296874999 0.6542288562499999 0.568245125 0.6467661687499999 0.589136490625 0.6716417906250001 0.5947075203125001
1 0.6716417906250001 0.614206128125 0.6815920390625 0.5779944296874999 0.6542288562499999 0.568245125 0.65174129375 0.608635096875 0.6716417906250001 0.614206128125
1 0.85572139375 0.305013928125 0.85572139375 0.32172701875 0.878109453125 0.337047353125 0.9054726375 0.335654596875 0.9303482593749999 0.32729805 0.9353233828124999 0.3077994421875 0.8830845765625 0.292479109375 0.85572139375 0.305013928125
1 0.728855721875 0.2952646234375 0.721393034375 0.3077994421875 0.7412935328125 0.3077994421875 0.728855721875 0.2952646234375
1 0.577114428125 0.1991643453125 0.5995024875 0.21727019531249997 0.6417910453125 0.218662953125 0.6716417906250001 0.1908078 0.64925373125 0.175487465625 0.6144278609375 0.17270195 0.577114428125 0.1991643453125
1 1 0.2632311984375 0.9825870640625001 0.261838440625 0.95522388125 0.2883008359375 1 0.299442896875 1 0.2632311984375
1 0.972636815625 0.20334261874999998 0.8880597015625 0.20055710312500002 0.820895521875 0.2298050140625 0.820895521875 0.2604456828125 0.84825870625 0.2757660171875 0.8905472640625 0.277158775 0.9427860703125001 0.27298050156250003 0.995024875 0.25208913593750004 1 0.2242339828125 0.972636815625 0.20334261874999998
1 1 0.16016713124999998 0.9925373140625 0.0724233984375 0.95024875625 0.104456825 0.9402985078125001 0.1378830078125 1 0.16016713124999998
0 0.0124378109375 0.03064066875 0.0099502484375 0.990250696875 0.95522388125 0.9930362109375 0.9925373140625 0.9916434546874999 1 0.9791086343750001 0.995024875 0.0348189421875 0.0124378109375 0.03064066875
1 0.7164179109375 0.1072423390625 0.726368159375 0.07938718593750001 0.6890547265625 0.0779944296875 0.6815920390625 0.10167130937499999 0.7164179109375 0.1072423390625
1 0.378109453125 0.1183844015625 0.42288557187500003 0.1295264625 0.4328358203125 0.09610027812500001 0.3955223875 0.089136490625 0.373134328125 0.104456825 0.378109453125 0.1183844015625
1 0.40796019843750003 0.1685236765625 0.40796019843750003 0.18523676875 0.430348259375 0.194986071875 0.5373134328125 0.1935933140625 0.5572139296875 0.17966573749999998 0.5398009953125 0.144846796875 0.4353233828125 0.1559888578125 0.40796019843750003 0.1685236765625
1 0.4825870640625 0.12674094687499998 0.5174129359374999 0.1378830078125 0.5373134328125 0.12674094687499998 0.529850746875 0.10863509687499999 0.5 0.11142061249999999 0.4825870640625 0.12674094687499998
1 0.320895521875 0.1587743734375 0.3681592046875 0.1657381609375 0.378109453125 0.1490250703125 0.35572139375 0.1253481890625 0.2835820890625 0.12674094687499998 0.320895521875 0.1587743734375
1 0.0945273625 0.552924790625 0.10447761250000001 0.5389972140625 0.072139303125 0.5320334265625 0.0646766171875 0.550139275 0.0945273625 0.552924790625
1 0.18159203906250002 0.880222840625 0.174129353125 0.8899721453125 0.19402985 0.8927576609375001 0.18159203906250002 0.880222840625
1 0.5323383078124999 0.9428969359374999 0.5373134328125 0.931754875 0.519900496875 0.9303621171875 0.5174129359374999 0.9428969359374999 0.5323383078124999 0.9428969359374999
1 0.8184079609375001 0.1337047359375 0.8159203984375001 0.1462395546875 0.8358208953125 0.1462395546875 0.8184079609375001 0.1337047359375
1 0.9577114421875 0.1810584953125 0.95024875625 0.1908078 0.970149253125 0.1935933140625 0.9577114421875 0.1810584953125
1 0.828358209375 0.1810584953125 0.820895521875 0.1908078 0.8358208953125 0.1935933140625 0.828358209375 0.1810584953125
1 0.5721393031249999 0.9930362109375 0.5646766171875 0.9777158781249999 0.5323383078124999 0.9818941499999999 0.5348258703125001 0.99442896875 0.5721393031249999 0.9930362109375
1 0.427860696875 0.8704735375 0.4104477609375 0.8662952640625001 0.4179104484375 0.8788300828125 0.427860696875 0.8704735375
1 0.9626865671875 0.3314763234375 0.95522388125 0.3412256265625 0.970149253125 0.3412256265625 0.9626865671875 0.3314763234375
1 0.1417910453125 0.8885793874999999 0.13432835781250002 0.8983286906249999 0.15422885625 0.9011142062499999 0.1417910453125 0.8885793874999999