0 0.932963928125 0.1031014203125 0.006916648437500001 0.10587731874999999 0 1 0.938411434375 0.9858505765625001 0.932963928125 0.1031014203125
1 0.7193877546875 0.31818181874999996 0.6862244890625 0.27792207812499997 0.6096938781250001 0.2675324671875 0.543367346875 0.28831168906250004 0.41071428593750003 0.3012987015625 0.2627551015625 0.27792207812499997 0.1556122453125 0.275324675 0.0612244890625 0.30519480468750004 0.1428571421875 0.3987012984375 0.22448979531250002 0.44285714218749994 0.265306121875 0.4922077921875 0.30612244843749997 0.49740259687500005 0.48214285781250005 0.46753246718749997 0.5561224484375 0.41688311718750004 0.68367346875 0.3623376625 0.7193877546875 0.31818181874999996
1 0.6045918375 0.71948051875 0.6556122453125 0.71948051875 0.7627551015625 0.6753246749999999 0.7908163265625 0.6610389609375 0.778061225 0.64415584375 0.619897959375 0.63116883125 0.390306121875 0.690909090625 0.28826530625 0.69350649375 0.2193877546875 0.7207792203125 0.16326530625 0.7675324671875 0.168367346875 0.824675325 0.23979591875 0.884415584375 0.3112244890625 0.9051948046874999 0.331632653125 0.8402597406250001 0.46173469375 0.7922077921875 0.543367346875 0.735064934375 0.6045918375 0.71948051875
1 0.5892857140625 0.5376623375 0.5510204078125 0.5519480515625 0.5459183671875001 0.5727272734375 0.5688775515625 0.5870129875 0.6122448984375 0.5909090906250001 0.647959184375 0.5779220781250001 0.653061225 0.5571428578125001 0.61479591875 0.5376623375 0.5892857140625 0.5376623375
1 0.22448979531250002 0.65064935 0.196428571875 0.6545454546875 0.18367346874999999 0.6324675328125 0.16071428593749998 0.633766234375 0.147959184375 0.666233765625 0.196428571875 0.6857142859375001 0.22448979531250002 0.684415584375 0.255102040625 0.666233765625 0.25 0.6428571421875 0.2321428578125 0.633766234375 0.22448979531250002 0.65064935
1 0.147959184375 0.5701298703125001 0.1887755109375 0.58051948125 0.2193877546875 0.575324675 0.22959183749999998 0.5545454546874999 0.1709183671875 0.5428571421874999 0.147959184375 0.5701298703125001
1 0.5892857140625 0.8519480515625 0.51020408125 0.8818181812500001 0.5204081625 0.9129870125 0.5790816328124999 0.9350649343749999 0.6173469390624999 0.9363636359375 0.6887755109375 0.9103896109375 0.6887755109375 0.8766233765625 0.6403061218749999 0.8493506500000001 0.5892857140625 0.8519480515625
1 0.7755102046875 0.9 0.8010204078125 0.8818181812500001 0.7576530609375001 0.8675324671875 0.7346938781250001 0.884415584375 0.7755102046875 0.9
1 0.80867346875 0.9246753249999999 0.8112244890625 0.959740259375 0.8673469390624999 0.9675324671875 0.8928571421875 0.9545454546875 0.8877551015625 0.9311688312499999 0.859693878125 0.91948051875 0.80867346875 0.9246753249999999
1 0.4744897953125 0.9831168828125 0.4923469390625 0.9948051953125001 0.5255102046875 0.99350649375 0.5408163265625 0.9675324671875 0.4974489796875 0.9558441562500001 0.4744897953125 0.964935065625 0.4744897953125 0.9831168828125
1 0.3928571421875 0.9675324671875 0.44897959218750005 0.9753246750000001 0.46428571406249997 0.9519480515625001 0.446428571875 0.9428571421875 0.4056122453125 0.9480519484375 0.3928571421875 0.9675324671875
1 0.533163265625 0.9454545453125001 0.5255102046875 0.9571428578125 0.5459183671875001 0.9571428578125 0.533163265625 0.9454545453125001
1 0.7857142859375 0.79350649375 0.7959183671875001 0.775324675 0.7576530609375001 0.771428571875 0.75 0.7883116890624999 0.7857142859375 0.79350649375
1 0.6224489796875 0.777922078125 0.6326530609375001 0.764935065625 0.6045918375 0.7610389609375 0.596938775 0.775324675 0.6224489796875 0.777922078125
1 0.668367346875 0.7883116890624999 0.6734693875 0.777922078125 0.6556122453125 0.7740259734375 0.647959184375 0.7831168828124999 0.668367346875 0.7883116890624999
1 0.543367346875 0.78181818125 0.5153061218749999 0.7857142859375 0.5408163265625 0.79350649375 0.543367346875 0.78181818125
1 0.4056122453125 0.8233766234375001 0.38265306093749996 0.824675325 0.40306122499999997 0.8324675328125 0.4056122453125 0.8233766234375001
1 0.22959183749999998 0.9467532468750001 0.25 0.9285714281249999 0.216836734375 0.91948051875 0.1938775515625 0.9363636359375 0.22959183749999998 0.9467532468750001
1 0.1887755109375 0.9701298703125 0.1989795921875 0.9415584421875 0.1505102046875 0.9350649343749999 0.1428571421875 0.964935065625 0.1887755109375 0.9701298703125
1 0.1811224484375 0.9818181812500001 0.1428571421875 0.99350649375 0.1989795921875 0.996103896875 0.1811224484375 0.9818181812500001
1 0.05867346875 0.9688311687500001 0.005102040625 0.99350649375 0.081632653125 0.996103896875 0.05867346875 0.9688311687500001
1 0.045918367187499996 0.9025974031249999 0.0025510203125 0.8857142859374999 0.01020408125 0.9415584421875 0.045918367187499996 0.9025974031249999
1 0.0255102046875 0.777922078125 0.053571428125 0.7922077921875 0.096938775 0.790909090625 0.1173469390625 0.7623376625 0.0637755109375 0.7480519484375 0.0255102046875 0.764935065625 0.0255102046875 0.777922078125
1 0.09948979531249999 0.8701298703125 0.0765306125 0.8740259734375 0.102040815625 0.8818181812500001 0.09948979531249999 0.8701298703125
1 0.178571428125 0.9103896109375 0.1709183671875 0.8987012984374999 0.153061225 0.9025974031249999 0.1556122453125 0.9116883109374999 0.178571428125 0.9103896109375
1 0.0612244890625 0.6454545453125 0.09183673437499999 0.6376623375 0.0612244890625 0.6376623375 0.05612244843750001 0.6116883109375 0.10714285781249999 0.5987012984375 0.1122448984375 0.559740259375 0.05612244843750001 0.5207792203125 0.0408163265625 0.48441558437500004 0.0025510203125 0.46493506562500003 0 0.6792207796875 0.045918367187499996 0.6896103890624999 0.045918367187499996 0.71818181875 0.06632653125 0.71818181875 0.10714285781249999 0.702597403125 0.1122448984375 0.671428571875 0.096938775 0.6480519484375 0.0612244890625 0.6454545453125
1 0.0841836734375 0.524675325 0.1173469390625 0.5233766234375 0.13775510156249998 0.4948051953125 0.1045918375 0.4857142859375 0.06632653125 0.5129870125 0.0841836734375 0.524675325
1 0.153061225 0.5363636359374999 0.16326530625 0.5207792203125 0.13520408125 0.5168831171875 0.12244897968749999 0.53116883125 0.153061225 0.5363636359374999
1 0.16326530625 0.6012987015625 0.168367346875 0.5883116890625 0.140306121875 0.5844155843750001 0.1326530609375 0.596103896875 0.16326530625 0.6012987015625
1 0.168367346875 0.609090909375 0.2040816328125 0.6142857140625 0.234693878125 0.596103896875 0.216836734375 0.5844155843750001 0.1862244890625 0.5844155843750001 0.168367346875 0.609090909375
1 0.125 0.7922077921875 0.1173469390625 0.7961038968749999 0.1173469390625 0.8012987015625 0.125 0.8051948046874999 0.1326530609375 0.803896103125 0.13775510156249998 0.8012987015625 0.13775510156249998 0.7961038968749999 0.130102040625 0.7922077921875 0.125 0.7922077921875
1 0.09948979531249999 0.797402596875 0.09183673437499999 0.8012987015625 0.09183673437499999 0.803896103125 0.1045918375 0.8129870125 0.1122448984375 0.8116883109374999 0.1173469390625 0.809090909375 0.1173469390625 0.8012987015625 0.109693878125 0.797402596875 0.09948979531249999 0.797402596875
1 0.466836734375 0.8077922078125 0.48469387812500003 0.80649350625 0.48469387812500003 0.8012987015625 0.477040815625 0.797402596875 0.46428571406249997 0.7987012984375 0.466836734375 0.8077922078125
1 0.43367346875 0.81948051875 0.43112244843749997 0.8129870125 0.41836734687500005 0.8142857140625 0.42091836718750003 0.8207792203125001 0.43367346875 0.81948051875
1 0.3724489796875 0.8480519484375 0.380102040625 0.8519480515625 0.38265306093749996 0.85064935 0.3877551015625 0.8480519484375 0.3877551015625 0.8428571421875001 0.375 0.8415584421875 0.3724489796875 0.8480519484375
1 0.331632653125 0.8428571421875001 0.331632653125 0.85064935 0.34693877500000003 0.85064935 0.352040815625 0.8402597406250001 0.3443877546875 0.8363636359375001 0.33928571406249997 0.8363636359375001 0.331632653125 0.8428571421875001
1 0.477040815625 0.8415584421875 0.48979591874999995 0.8402597406250001 0.494897959375 0.8376623375 0.4923469390625 0.8337662343750001 0.4744897953125 0.835064934375 0.477040815625 0.8415584421875
1 0.3010204078125 0.9155844156249999 0.30867346875 0.91948051875 0.3265306125 0.9181818187499999 0.3265306125 0.9129870125 0.31887755156250003 0.9090909093749999 0.3010204078125 0.9103896109375 0.3010204078125 0.9155844156249999
1 0.7423469390624999 0.8077922078125 0.7346938781250001 0.8116883109374999 0.7346938781250001 0.8168831171875001 0.7423469390624999 0.8207792203125001 0.75 0.81948051875 0.755102040625 0.8168831171875001 0.755102040625 0.8116883109374999 0.7474489796875 0.8077922078125 0.7423469390624999 0.8077922078125
1 0.7423469390624999 0.83116883125 0.7346938781250001 0.835064934375 0.7346938781250001 0.8402597406250001 0.7423469390624999 0.84415584375 0.744897959375 0.8428571421875001 0.755102040625 0.8402597406250001 0.755102040625 0.835064934375 0.7474489796875 0.83116883125 0.7423469390624999 0.83116883125
1 0.75 0.8688311687500001 0.7474489796875 0.8623376625000001 0.7346938781250001 0.8636363640625 0.7423469390624999 0.8701298703125 0.75 0.8688311687500001
1 0.8367346937500001 0.809090909375 0.8341836734375001 0.8 0.81632653125 0.8012987015625 0.8188775515625 0.8103896109375001 0.8367346937500001 0.809090909375
1 0.7704081625 0.8168831171875001 0.7857142859375 0.8168831171875001 0.7908163265625 0.8142857140625 0.7908163265625 0.809090909375 0.772959184375 0.8051948046874999 0.7704081625 0.8168831171875001
1 0.1505102046875 0.6259740265625 0.158163265625 0.624675325 0.16326530625 0.6142857140625 0.1505102046875 0.6103896109375 0.13775510156249998 0.6168831171875 0.1505102046875 0.6259740265625
1 0.1326530609375 0.624675325 0.130102040625 0.6129870125 0.1173469390625 0.6142857140625 0.1173469390625 0.6428571421875 0.12244897968749999 0.6428571421875 0.130102040625 0.6415584421875 0.13775510156249998 0.635064934375 0.13775510156249998 0.6272727265625 0.1326530609375 0.624675325
1 0.38520408125 0.56883116875 0.3724489796875 0.575324675 0.3724489796875 0.5779220781250001 0.38520408125 0.5844155843750001 0.397959184375 0.5831168828125 0.40306122499999997 0.58051948125 0.40306122499999997 0.5727272734375 0.3954081625 0.56883116875 0.38520408125 0.56883116875
1 0.47193877500000003 0.5844155843750001 0.48469387812500003 0.5831168828125 0.48979591874999995 0.58051948125 0.48214285781250005 0.5766233765625 0.4693877546875 0.5779220781250001 0.47193877500000003 0.5844155843750001
1 0.51020408125 0.58051948125 0.51020408125 0.5831168828125 0.5178571421875 0.5870129875 0.5306122453125 0.5857142859375 0.5357142859375 0.58051948125 0.528061225 0.5766233765625 0.5178571421875 0.5766233765625 0.51020408125 0.58051948125
1 0.6964285718750001 0.553246753125 0.68367346875 0.559740259375 0.68367346875 0.5649350656250001 0.7015306125 0.5740259734375 0.7091836734375 0.5727272734375 0.7193877546875 0.5701298703125001 0.7244897953125 0.559740259375 0.716836734375 0.553246753125 0.6964285718750001 0.553246753125
1 0.7372448984375 0.5584415578125 0.7346938781250001 0.5701298703125001 0.7423469390624999 0.5740259734375 0.755102040625 0.5727272734375 0.76020408125 0.5701298703125001 0.76020408125 0.5623376625 0.7525510203125 0.5584415578125 0.7372448984375 0.5584415578125
1 0.7091836734375 0.515584415625 0.7091836734375 0.51818181875 0.721938775 0.524675325 0.7346938781250001 0.5233766234375 0.73979591875 0.5207792203125 0.73979591875 0.5103896109375 0.721938775 0.509090909375 0.7091836734375 0.515584415625
1 0.6709183671875001 0.509090909375 0.66326530625 0.5129870125 0.66326530625 0.5207792203125 0.6709183671875001 0.524675325 0.6887755109375 0.5233766234375 0.6938775515625 0.5207792203125 0.6938775515625 0.5129870125 0.6862244890625 0.509090909375 0.6709183671875001 0.509090909375
1 0.533163265625 0.5142857140625 0.5306122453125 0.5259740265625 0.5459183671875001 0.5259740265625 0.5510204078125 0.5233766234375 0.5510204078125 0.51818181875 0.543367346875 0.5142857140625 0.533163265625 0.5142857140625
1 0.6122448984375 0.4896103890625 0.6122448984375 0.49740259687500005 0.619897959375 0.5012987015625 0.6326530609375001 0.5 0.6428571421875 0.4922077921875 0.630102040625 0.4857142859375 0.619897959375 0.4857142859375 0.6122448984375 0.4896103890625
1 0.6658163265625 0.5012987015625 0.6734693875 0.5 0.6734693875 0.4922077921875 0.6607142859375 0.49090909062500004 0.658163265625 0.49740259687500005 0.6658163265625 0.5012987015625
1 0.6938775515625 0.4922077921875 0.706632653125 0.49610389687499995 0.7091836734375 0.4948051953125 0.7142857140625 0.4922077921875 0.7142857140625 0.48441558437500004 0.6964285718750001 0.4831168828125 0.6938775515625 0.4922077921875
1 0.7040816328124999 0.5 0.7040816328124999 0.502597403125 0.71173469375 0.50649350625 0.7295918375 0.5051948046875 0.7295918375 0.5 0.721938775 0.49610389687499995 0.71173469375 0.49610389687499995 0.7040816328124999 0.5
1 0.755102040625 0.47402597343749997 0.755102040625 0.48181818125 0.7755102046875 0.48181818125 0.7755102046875 0.47402597343749997 0.7678571421875 0.47012987031250003 0.7627551015625 0.47012987031250003 0.755102040625 0.47402597343749997
1 0.2704081625 0.5207792203125 0.2704081625 0.5233766234375 0.27806122499999997 0.5272727265625 0.28571428593750003 0.5259740265625 0.2908163265625 0.5233766234375 0.2908163265625 0.51818181875 0.27806122499999997 0.5168831171875 0.2704081625 0.5207792203125
1 0.28571428593750003 0.5129870125 0.28571428593750003 0.515584415625 0.293367346875 0.51948051875 0.3010204078125 0.51818181875 0.30612244843749997 0.5129870125 0.2984693875 0.509090909375 0.293367346875 0.509090909375 0.28571428593750003 0.5129870125
1 0.3112244890625 0.515584415625 0.31887755156250003 0.51948051875 0.3265306125 0.51818181875 0.3265306125 0.5103896109375 0.31887755156250003 0.509090909375 0.3112244890625 0.5129870125 0.3112244890625 0.515584415625
1 0.33673469375 0.515584415625 0.352040815625 0.515584415625 0.3571428578125 0.5103896109375 0.3494897953125 0.50649350625 0.33928571406249997 0.50649350625 0.33673469375 0.515584415625
1 0.33673469375 0.546753246875 0.3341836734375 0.540259740625 0.32142857187499996 0.5415584421874999 0.3239795921875 0.5480519484374999 0.33673469375 0.546753246875
1 0.408163265625 0.528571428125 0.408163265625 0.53116883125 0.4158163265625 0.535064934375 0.42346938749999996 0.533766234375 0.428571428125 0.528571428125 0.42091836718750003 0.524675325 0.4158163265625 0.524675325 0.408163265625 0.528571428125
1 0.3877551015625 0.5 0.3877551015625 0.502597403125 0.3954081625 0.50649350625 0.41836734687500005 0.5051948046875 0.428571428125 0.5 0.4158163265625 0.49350649375 0.4056122453125 0.49350649375 0.3877551015625 0.5
1 0.7372448984375 0.39480519531249997 0.7244897953125 0.40129870156249997 0.7321428578125 0.4077922078125 0.744897959375 0.40649350625 0.75 0.403896103125 0.75 0.3987012984375 0.7423469390624999 0.39480519531249997 0.7372448984375 0.39480519531249997
1 0.869897959375 0.4207792203125 0.8622448984375 0.42467532500000005 0.8622448984375 0.42987012968749994 0.869897959375 0.433766234375 0.8826530609375001 0.4324675328125 0.8877551015625 0.42987012968749994 0.8877551015625 0.42467532500000005 0.880102040625 0.4207792203125 0.869897959375 0.4207792203125
1 0.80867346875 0.340259740625 0.8010204078125 0.346753246875 0.80867346875 0.353246753125 0.8214285718750001 0.35194805156250003 0.8265306125 0.34935065 0.8265306125 0.34155844218750003 0.8188775515625 0.33766233749999996 0.80867346875 0.340259740625
1 0.7525510203125 0.21298701250000002 0.727040815625 0.21558441562500003 0.7142857140625 0.22207792187500003 0.7142857140625 0.2272727265625 0.727040815625 0.233766234375 0.73979591875 0.23246753281250002 0.75 0.2272727265625 0.75 0.22207792187500003 0.76020408125 0.2168831171875 0.7525510203125 0.21298701250000002
1 0.9387755109375 0.27922077968750003 0.93367346875 0.2740259734375 0.9107142859374999 0.264935065625 0.880102040625 0.264935065625 0.8494897953124999 0.27272727343750003 0.831632653125 0.28181818125 0.831632653125 0.2948051953125 0.8494897953124999 0.303896103125 0.869897959375 0.309090909375 0.890306121875 0.309090909375 0.8954081625000001 0.3116883109375 0.8979591843750001 0.3103896109375 0.9209183671875 0.30649350625 0.93367346875 0.3 0.9387755109375 0.2948051953125 0.9387755109375 0.27922077968750003
1 0.8494897953124999 0.21558441562500003 0.8290816328125 0.21298701250000002 0.8239795921875 0.2103896109375 0.7984693875 0.2103896109375 0.78826530625 0.21298701250000002 0.7653061218749999 0.22467532499999998 0.76020408125 0.2298701296875 0.76020408125 0.240259740625 0.783163265625 0.2545454546875 0.7984693875 0.2545454546875 0.8035714281249999 0.2571428578125 0.81632653125 0.25584415625 0.8392857140625001 0.2519480515625 0.8571428578125 0.2428571421875 0.8571428578125 0.21948051875000002 0.8494897953124999 0.21558441562500003
1 0.8265306125 0.1519480515625 0.8035714281249999 0.1428571421875 0.783163265625 0.1428571421875 0.7653061218749999 0.1519480515625 0.7653061218749999 0.16753246718749998 0.78826530625 0.1766233765625 0.8010204078125 0.17532467499999999 0.80867346875 0.17402597343749998 0.8214285718750001 0.16753246718749998 0.8265306125 0.16233766249999998 0.8265306125 0.1519480515625
1 0.76020408125 0.1857142859375 0.76020408125 0.1701298703125 0.755102040625 0.164935065625 0.7372448984375 0.15584415625 0.727040815625 0.15584415625 0.721938775 0.153246753125 0.7015306125 0.15584415625 0.6734693875 0.1701298703125 0.653061225 0.190909090625 0.658163265625 0.19350649375 0.658163265625 0.1987012984375 0.6658163265625 0.20259740312500002 0.6760204078125 0.2051948046875 0.6989795921875 0.203896103125 0.716836734375 0.20259740312500002 0.721938775 0.2 0.7423469390624999 0.197402596875 0.76020408125 0.1857142859375
1 0.6122448984375 0.1545454546875 0.602040815625 0.14415584374999998 0.5892857140625 0.1376623375 0.5688775515625 0.135064934375 0.5637755109375 0.1376623375 0.543367346875 0.140259740625 0.5306122453125 0.146753246875 0.5255102046875 0.1519480515625 0.5255102046875 0.164935065625 0.5204081625 0.1701298703125 0.5255102046875 0.1727272734375 0.5255102046875 0.1831168828125 0.5357142859375 0.19350649375 0.5637755109375 0.2051948046875 0.581632653125 0.203896103125 0.596938775 0.1987012984375 0.602040815625 0.1883116890625 0.6071428578125 0.1857142859375 0.6122448984375 0.1545454546875
1 0.918367346875 0.13896103906249999 0.9158163265624999 0.1324675328125 0.8979591843750001 0.133766234375 0.9005102046875001 0.140259740625 0.918367346875 0.13896103906249999
1 0.44897959218750005 0.21948051875000002 0.46428571406249997 0.21948051875000002 0.4744897953125 0.2142857140625 0.4693877546875 0.20909090937500002 0.45153061250000004 0.2077922078125 0.44897959218750005 0.21948051875000002
1 0.28826530625 0.21558441562500003 0.30612244843749997 0.2142857140625 0.30612244843749997 0.203896103125 0.28826530625 0.20259740312500002 0.2806122453125 0.21168831093749998 0.28826530625 0.21558441562500003
1 0.34693877500000003 0.266233765625 0.3545918375 0.2701298703125 0.3622448984375 0.26883116875 0.36734693906250004 0.2636363640625 0.359693878125 0.259740259375 0.3494897953125 0.259740259375 0.34693877500000003 0.266233765625
1 0.5025510203125 0.2363636359375 0.522959184375 0.24155844218750003 0.5408163265625 0.240259740625 0.5408163265625 0.23506493437499998 0.5178571421875 0.2259740265625 0.5 0.23246753281250002 0.5025510203125 0.2363636359375
1 0.4923469390625 0.184415584375 0.4795918375 0.19350649375 0.48469387812500003 0.203896103125 0.4923469390625 0.2077922078125 0.5204081625 0.20649350625000001 0.5306122453125 0.19610389687500002 0.5255102046875 0.190909090625 0.5127551015625 0.184415584375 0.4923469390625 0.184415584375
1 0.42346938749999996 0.177922078125 0.4387755109375 0.177922078125 0.44387755156250003 0.17532467499999999 0.44387755156250003 0.1701298703125 0.42602040781249995 0.16883116874999998 0.42346938749999996 0.177922078125
1 0.158163265625 0.23506493437499998 0.158163265625 0.2376623375 0.1658163265625 0.24155844218750003 0.17346938750000002 0.240259740625 0.178571428125 0.23506493437499998 0.1709183671875 0.23116883124999998 0.1658163265625 0.23116883124999998 0.158163265625 0.23506493437499998
1 0.0892857140625 0.2259740265625 0.081632653125 0.2298701296875 0.081632653125 0.23506493437499998 0.0943877546875 0.23896103906250002 0.096938775 0.2376623375 0.102040815625 0.23506493437499998 0.102040815625 0.2298701296875 0.0943877546875 0.2259740265625 0.0892857140625 0.2259740265625
1 0.168367346875 0.1883116890625 0.16326530625 0.1831168828125 0.1454081625 0.1766233765625 0.1045918375 0.1766233765625 0.08673469375000001 0.1883116890625 0.08673469375000001 0.2168831171875 0.1045918375 0.22857142812500003 0.1428571421875 0.2272727265625 0.158163265625 0.21948051875000002 0.158163265625 0.2142857140625 0.168367346875 0.20649350625000001 0.168367346875 0.1883116890625
1 0 0.2298701296875 0.0204081625 0.2298701296875 0.0357142859375 0.22207792187500003 0.0357142859375 0.2168831171875 0.0408163265625 0.2142857140625 0.0357142859375 0.20909090937500002 0.043367346875000004 0.2051948046875 0.05867346875 0.2077922078125 0.06632653125 0.203896103125 0.06632653125 0.2012987015625 0.05867346875 0.197402596875 0.045918367187499996 0.19610389687500002 0.0612244890625 0.18051948125 0.0612244890625 0.16753246718749998 0.0510204078125 0.15714285781249998 0.028061225000000002 0.1454545453125 0.0076530609375 0.1428571421875 0 0.146753246875 0 0.2298701296875
1 0 0.40129870156249997 0.012755101562500001 0.4077922078125 0.0357142859375 0.40649350625 0.0510204078125 0.40129870156249997 0.05612244843750001 0.396103896875 0.05612244843750001 0.3883116890625 0.043367346875000004 0.3792207796875 0.033163265625 0.3766233765625 0.012755101562500001 0.3766233765625 0 0.3831168828125 0 0.40129870156249997
1 0.0025510203125 0.4259740265625 0 0.453246753125 0.01020408125 0.453246753125 0.0255102046875 0.44805194843749996 0.0306122453125 0.43766233750000005 0.012755101562500001 0.4259740265625 0.0025510203125 0.4259740265625
1 0.05612244843750001 0.396103896875 0.071428571875 0.396103896875 0.0765306125 0.39350649375 0.0637755109375 0.3870129875 0.05612244843750001 0.390909090625 0.05612244843750001 0.396103896875
1 0.005102040625 0.359740259375 0.0255102046875 0.359740259375 0.0255102046875 0.35194805156250003 0.0178571421875 0.3480519484375 0.0076530609375 0.3480519484375 0.005102040625 0.359740259375
1 0.8443877546874999 0.56883116875 0.8265306125 0.5779220781250001 0.8265306125 0.5857142859375 0.8494897953124999 0.5948051953125 0.8622448984375 0.59350649375 0.8775510203125 0.5857142859375 0.8775510203125 0.58051948125 0.86479591875 0.5714285718750001 0.8443877546874999 0.56883116875
1 0.859693878125 0.56883116875 0.8188775515625 0.566233765625 0.81632653125 0.5779220781250001 0.8214285718750001 0.58051948125 0.8214285718750001 0.5857142859375 0.8443877546874999 0.5948051953125 0.8622448984375 0.59350649375 0.8724489796875 0.5909090906250001 0.8775510203125 0.5857142859375 0.8775510203125 0.5779220781250001 0.859693878125 0.56883116875
1 0.890306121875 0.3610389609375 0.8520408156249999 0.375324675 0.8520408156249999 0.3883116890625 0.9081632656249999 0.40649350625 0.93367346875 0.40129870156249997 0.9387755109375 0.377922078125 0.9209183671875 0.3636363640625 0.890306121875 0.3610389609375
1 0.494897959375 0.5649350656250001 0.51020408125 0.546753246875 0.477040815625 0.540259740625 0.46428571406249997 0.559740259375 0.494897959375 0.5649350656250001
1 0.3682738578125 0.732436734375 0.3870447703125 0.7315852234375 0.3827099953125 0.724642740625 0.37218275 0.72558944375 0.3682738578125 0.732436734375
1 0.38128268906249996 0.705472971875 0.370325 0.706970953125 0.3758982546875 0.71391345 0.3876639796875 0.7142290124999999 0.38128268906249996 0.705472971875
1 0.1285396421875 0.704999925 0.12943643437500002 0.71265116875 0.13686744374999998 0.7151757140624999 0.143679209375 0.706970953125 0.1285396421875 0.704999925
1 0.1703069796875 0.7053931265625 0.1802150109375 0.697188365625 0.16384933125 0.6841857890624999 0.14305996875 0.6896147421875 0.1442984484375 0.6978195031250001 0.1554449640625 0.7060242515625 0.1703069796875 0.7053931265625
1 0.1266812390625 0.722975765625 0.11828991874999999 0.723380475 0.119528428125 0.72842955 0.125720928125 0.73032295625 0.1266812390625 0.722975765625
1 0.47250136718749997 0.6044520859375 0.4576393515625 0.600665275 0.4463268578125 0.5999831609374999 0.4446350875 0.6072921953125 0.45082755625 0.61139456875 0.46940507656249997 0.6107634421875 0.47250136718749997 0.6044520859375
1 0.4935558515625 0.5927760937500001 0.474202928125 0.5909952390625001 0.47931310781249997 0.6031898203125 0.49107888749999995 0.6031898203125 0.4935558515625 0.5927760937500001
1 0.3257389484375 0.6360088359375 0.3195464234375 0.6237017015624999 0.29539564218750003 0.62401728125 0.29539564218750003 0.6404267875 0.31583091875 0.6423201921875 0.3257389484375 0.6360088359375
1 0.322602846875 0.612974834375 0.32879537187499996 0.60508565 0.32879537187499996 0.5915162359374999 0.312694871875 0.590885109375 0.29300846406250003 0.5872108515625001 0.280493815625 0.5990898578125 0.2866863421875 0.6104502890625 0.294736565625 0.6161305031250001 0.322602846875 0.612974834375
1 0.9234202859374999 0.76735096875 0.9044236328125 0.7664962265625 0.9036042859375 0.773031184375 0.91784703125 0.779658103125 0.927135790625 0.7739778890625 0.9234202859374999 0.76735096875
1 0.8774767609375 0.701688584375 0.8763572140625 0.70897096875 0.8875037296875 0.711811078125 0.8924577703125 0.7067619953125 0.8774767609375 0.701688584375
1 0.7475531015625 0.6944548593750001 0.7364065921875 0.69729496875 0.74074130625 0.7007662078125 0.7512686078125 0.7007662078125 0.7475531015625 0.6944548593750001
1 0.7724768921875 0.6903354203125 0.7636536015625001 0.6950859921875 0.7648920875 0.700450646875 0.776038596875 0.6976105375 0.7724768921875 0.6903354203125
1 0.745530025 0.7220296703125 0.732071815625 0.7241182125 0.73888355625 0.7316918343750001 0.74693383125 0.728851725 0.745530025 0.7220296703125
1 0.27625803125 0.12371946250000002 0.271320565625 0.11823855781249999 0.2583190875 0.119220121875 0.264579025 0.123391725 0.27625803125 0.12371946250000002
1 0.326837096875 0.12261591875 0.31321421875 0.1226555578125 0.3122511171875 0.127808725 0.32525259218749997 0.1295264515625 0.326837096875 0.12261591875
1 0.2329045453125 0.1185695921875 0.23038996875 0.1121038421875 0.2183515515625 0.1138215609375 0.221240765625 0.119220121875 0.2329045453125 0.1185695921875
1 0.2578375359375 0.13664272187499998 0.2501329390625 0.13566116875 0.24483605625 0.1373788890625 0.24531760781249998 0.14253205156249998 0.2612083015625 0.14253205156249998 0.2578375359375 0.13664272187499998
1 0.366577790625 0.12371946250000002 0.35655247968750003 0.1199562890625 0.34981094375 0.1224101734375 0.35655247968750003 0.127317953125 0.366577790625 0.12371946250000002
1 0.41860197499999996 0.113787571875 0.405187621875 0.11529389375000001 0.4022984078125 0.1211832265625 0.413373725 0.1224101734375 0.41860197499999996 0.113787571875
1 0.23087152031249997 0.12142862031249999 0.2327976375 0.12756333749999998 0.24531760781249998 0.1295264515625 0.2424283875 0.1219193921875 0.23087152031249997 0.12142862031249999
1 0.2677750875 0.1249654984375 0.2629251578125 0.12476190312499999 0.2538344125 0.12583185 0.2572345609375 0.1292972734375 0.26913516249999997 0.129643815625 0.2677750875 0.1249654984375
1 0.1201308015625 0.54709063125 0.140965015625 0.5454572468750001 0.1266525046875 0.536429565625 0.1201308015625 0.54709063125
1 0.0797590046875 0.62335196875 0.08006498906250001 0.6289937171875 0.0928860109375 0.6334855484374999 0.0928860109375 0.6249102468750001 0.0797590046875 0.62335196875