0 0.4830677296875 0.48157370468750005 0.48406374531249996 0.3690239046875 0.488047809375 0.363047809375 0.489043825 0.347111553125 0.4870517921875 0.2584661359375 0.49203187187499997 0.20069721093749998 0.49103585625 0.1598605578125 0.4870517921875 0.1499003984375 0.4795816734375 0.1444223109375 0.46563745 0.1434262953125 0.21962151406250002 0.13944223125 0.20368525937499998 0.1414342625 0.1867529875 0.15039840625 0.1862549796875 0.1429282875 0.1777888453125 0.13944223125 0.11902390468749999 0.1374501984375 0.11354581718750001 0.14392430312499999 0.11354581718750001 0.176792828125 0.11752988125 0.1937251 0.111553784375 0.2315737046875 0.10856573750000001 0.305278884375 0.10856573750000001 0.4726095625 0.111553784375 0.48057768906250004 0.117031871875 0.4850597609375 0.14492031875 0.488047809375 0.2445219125 0.488047809375 0.27539840625 0.500996015625 0.31474103593749997 0.5014940234374999 0.345119521875 0.49203187187499997 0.466633465625 0.4930278890625 0.4785856578125 0.489043825 0.4830677296875 0.48157370468750005
0 0.48207171249999997 0.5791832671875 0.4760956171875 0.5582669328125001 0.444721115625 0.5547808765625 0.3580677296875 0.5557768921874999 0.325199203125 0.5478087656249999 0.31623505937499996 0.5398406375 0.273406375 0.5408366531250001 0.2485059765625 0.551792828125 0.136952190625 0.54880478125 0.11105577656250001 0.5537848609375 0.1045816734375 0.5771912343750001 0.09960159375 0.723605578125 0.0976095625 0.886952190625 0.100597609375 0.89492031875 0.12898406406250001 0.8994023906249999 0.45717131406249994 0.9038844625 0.46563745 0.9033864546875 0.47410358593749996 0.89691235 0.479083665625 0.8779880484374999 0.48207171249999997 0.5791832671875
0 0.9128486062500001 0.5657370515625 0.89492031875 0.5617529875 0.5751992031250001 0.5567729078125 0.557270915625 0.5587649406249999 0.5478087656249999 0.5662350593750001 0.5428286859375 0.6100597609375 0.538844621875 0.80428286875 0.538844621875 0.8859561749999999 0.54731075625 0.9033864546875 0.5682270921875 0.9063745015625001 0.9033864546875 0.9108565734375 0.9143426296875001 0.9068725093750001 0.9173306765625 0.8919322703124999 0.921314740625 0.5821713140625 0.9128486062500001 0.5657370515625
0 0.9198207171874999 0.3745019921875 0.8864541828125001 0.3481075703125 0.8854581671874999 0.3381474109375 0.8924302781250001 0.3301792828125 0.882968128125 0.32768924374999997 0.88247011875 0.3222111546875 0.8934262953125 0.2983067734375 0.9218127484374999 0.2828685265625 0.9272908359375001 0.274402390625 0.9272908359375001 0.1578685265625 0.9208167328125001 0.15438247031250002 0.886952190625 0.1523904375 0.5592629484375 0.1474103578125 0.551792828125 0.1618525890625 0.54880478125 0.26444223125 0.5458167328125 0.46364541875 0.5478087656249999 0.482569721875 0.5527888453124999 0.49053784843750003 0.5871513937499999 0.4970119515625 0.9053784859375 0.5014940234374999 0.9138446218749999 0.5 0.9233067734375 0.48555776875 0.9252988046875 0.384960159375 0.9198207171874999 0.3745019921875
1 0.3754980078125 0.6807768921874999 0.370517928125 0.6668326687499999 0.35308765000000003 0.6523904375 0.2993027890625 0.6364541828125 0.2524900390625 0.6374501984375 0.2206175296875 0.6494023906249999 0.2031872515625 0.6648406375 0.19422310781250002 0.6817729078125 0.19621513906250002 0.71364541875 0.202191234375 0.7295816734375 0.21613545781250001 0.7475099609375 0.2395418328125 0.7669322703125 0.26444223125 0.7749003984375 0.2938247015625 0.776394421875 0.3311752984375 0.7729083671875 0.3555776890625 0.7504980078125 0.3745019921875 0.7006972109375 0.3754980078125 0.6807768921874999
1 0.2131474109375 0.7604581671874999 0.2151394421875 0.7923306765625 0.25796812812500003 0.79332669375 0.259960159375 0.77539840625 0.2395418328125 0.7669322703125 0.21663346562500002 0.74800796875 0.2131474109375 0.7604581671874999
1 0.39392430312500004 0.777888446875 0.3799800796875 0.7749003984375 0.3700199203125 0.7788844625 0.3625498015625 0.787350596875 0.36055776875 0.805278884375 0.3690239046875 0.817729084375 0.3834661359375 0.8212151390625 0.39292828750000003 0.8187251 0.399402390625 0.8112549796874999 0.4023904375 0.7913346609375 0.39392430312500004 0.777888446875
1 0.4417330671875 0.731075696875 0.4372509953125 0.7365537843750001 0.43924302812500005 0.7495019921875 0.44920318750000005 0.7524900390625 0.45816733125000003 0.74651394375 0.45517928281250003 0.7305776890625 0.4516932265625 0.7290836656249999 0.4417330671875 0.731075696875
1 0.4063745015625 0.6907370515625 0.40089641406250004 0.6762948203125 0.38944223125 0.6787848609375 0.39093625468750004 0.69023904375 0.4063745015625 0.6907370515625
1 0.28436255 0.5826693234375 0.27490039843749997 0.5881474109375 0.27390438281249996 0.5981075703125 0.2803784859375 0.6055776890625 0.2898406375 0.60507968125 0.2958167328125 0.6010956171874999 0.297808765625 0.5911354578125 0.29332669375 0.5846613546875 0.28436255 0.5826693234375
1 0.2569721109375 0.5662350593750001 0.2624501984375 0.5727091640624999 0.26892430312500004 0.5722111546875001 0.27490039843749997 0.5612549796875 0.2714143421875 0.5557768921874999 0.26344621562500004 0.5537848609375 0.2569721109375 0.5662350593750001
1 0.22758964218750002 0.6005976093750001 0.220119521875 0.606075696875 0.2171314734375 0.6200199203125 0.22260956250000002 0.6294820718749999 0.23605577656249999 0.6309760953125 0.24601593593749999 0.625 0.24800796875 0.613047809375 0.2415338640625 0.6025896421875 0.22758964218750002 0.6005976093750001
1 0.3919322703125 0.45219123437500003 0.3844621515625 0.4586653390625 0.3844621515625 0.4676294828125 0.3889442234375 0.47211155312499997 0.398406375 0.4726095625 0.40438247031249996 0.4686254984375 0.4053784859375 0.462649403125 0.39890438281249996 0.45219123437500003 0.3919322703125 0.45219123437500003
1 0.43276892499999997 0.5846613546875 0.42231075625000003 0.5931274906249999 0.420318725 0.60507968125 0.42679282812499997 0.6155378484375 0.44223107500000003 0.6190239046875 0.45617529843750004 0.6080677296875 0.45617529843750004 0.595119521875 0.4477091640625 0.5856573703125 0.43276892499999997 0.5846613546875
1 0.24800796875 0.875996015625 0.25199203125 0.8680278890625001 0.2445219125 0.8655378484374999 0.24103585624999999 0.8710159359375 0.24800796875 0.875996015625
1 0.4576693234375 0.7968127484374999 0.479083665625 0.79731075625 0.4785856578125 0.7729083671875 0.46563745 0.7739043828125001 0.45617529843750004 0.7803784859375 0.4576693234375 0.7968127484374999
1 0.29731075625000003 0.9023904375 0.2928286859375 0.9108565734375 0.2983067734375 0.9183266937499999 0.3037848609375 0.9188247015625001 0.30976095625 0.915836653125 0.310756971875 0.9068725093750001 0.305278884375 0.9023904375 0.29731075625000003 0.9023904375
1 0.4726095625 0.4651394421875 0.46713147343749994 0.47061752968750004 0.46713147343749994 0.4785856578125 0.48007968125 0.48555776875 0.4850597609375 0.48057768906250004 0.4860557765625 0.47061752968750004 0.48057768906250004 0.4651394421875 0.4726095625 0.4651394421875
1 0.26892430312500004 0.37699203125 0.256474103125 0.368525896875 0.23356573749999998 0.3725099609375 0.22410358593750002 0.3919322703125 0.22709163281250003 0.40587649375 0.23555776874999998 0.4143426296875 0.249003984375 0.41782868593750006 0.2584661359375 0.4163346609375 0.2694223109375 0.408366534375 0.27490039843749997 0.39591633437499996 0.26892430312500004 0.37699203125
1 0.22211155312500003 0.3411354578125 0.2131474109375 0.3182270921875 0.205677290625 0.310756971875 0.194721115625 0.3067729078125 0.17380478125 0.3067729078125 0.16284860625 0.31175298749999997 0.15039840625 0.325199203125 0.148406375 0.35009960156250003 0.15438247031250002 0.36603585625 0.16384462187499998 0.3774900390625 0.1797808765625 0.3834661359375 0.192231075 0.38296812812500003 0.20667330625 0.3764940234375 0.21613545781250001 0.36703187187499997 0.22211155312500003 0.35308765000000003 0.22211155312500003 0.3411354578125
1 0.22410358593750002 0.24352589687499998 0.22410358593750002 0.28635458125 0.2450199203125 0.287350596875 0.2514940234375 0.26892430312500004 0.26892430312500004 0.2664342625 0.26743027812500003 0.2430278890625 0.22410358593750002 0.24352589687499998
1 0.45019920312500006 0.35408366562500004 0.441235059375 0.3222111546875 0.42778884531249994 0.3047808765625 0.40488047812500005 0.2948207171875 0.38396414375 0.29880478125 0.3710159359375 0.30577689218750004 0.3625498015625 0.317231075 0.3535856578125 0.3481075703125 0.3391434265625 0.3655378484375 0.317231075 0.3764940234375 0.307768925 0.3919322703125 0.31175298749999997 0.4208167328125 0.32619521875 0.43924302812500005 0.3391434265625 0.4442231078125 0.40039840625 0.44571713125 0.42480079687499994 0.44023904375 0.43924302812500005 0.42380478125 0.45119521875 0.374003984375 0.45019920312500006 0.35408366562500004
1 0.4686254984375 0.2470119515625 0.4651394421875 0.2514940234375 0.4651394421875 0.26743027812500003 0.49053784843750003 0.2729083671875 0.49203187187499997 0.2903386453125 0.5059760953125 0.29332669375 0.510956175 0.287350596875 0.510956175 0.2514940234375 0.4995019921875 0.2470119515625 0.4686254984375 0.2470119515625
1 0.2828685265625 0.46364541875 0.290836653125 0.4676294828125 0.2968127484375 0.4616533859375 0.294322709375 0.45318725156250006 0.2828685265625 0.4586653390625 0.2828685265625 0.46364541875
1 0.47410358593749996 0.19571713125 0.476593625 0.202191234375 0.4830677296875 0.20268924375 0.489043825 0.196713146875 0.486553784375 0.19023904375 0.4775896421875 0.19123505937500002 0.47410358593749996 0.19571713125
1 0.48207171249999997 0.557270915625 0.4760956171875 0.553286853125 0.47808765 0.5493027890625 0.47460159375 0.5468127484374999 0.398406375 0.5493027890625 0.4312749 0.553286853125 0.41284860625 0.5557768921874999 0.3535856578125 0.553286853125 0.364043825 0.54880478125 0.3520916328125 0.54880478125 0.3520916328125 0.5537848609375 0.3481075703125 0.5537848609375 0.347111553125 0.54880478125 0.334163346875 0.5498007968749999 0.3256972109375 0.544322709375 0.328685259375 0.5393426296875 0.328685259375 0.506474103125 0.3237051796875 0.5024900390625 0.3301792828125 0.49800796875 0.3421314734375 0.5 0.34312749062500003 0.4940239046875 0.39591633437499996 0.4940239046875 0.39591633437499996 0.499003984375 0.4437251 0.4960159359375 0.4716135453125 0.500996015625 0.48406374531249996 0.49153386406250005 0.488047809375 0.4596613546875 0.49203187187499997 0.2903386453125 0.49203187187499997 0.165836653125 0.489043825 0.1518924296875 0.4795816734375 0.1434262953125 0.44272908437499997 0.1434262953125 0.4317729078125 0.13944223125 0.42878486093749996 0.142430278125 0.42380478125 0.13944223125 0.4208167328125 0.142430278125 0.41683266874999997 0.13944223125 0.41284860625 0.142430278125 0.3889442234375 0.142430278125 0.384960159375 0.13944223125 0.245517928125 0.13844621562499998 0.24352589687499998 0.13147410312500002 0.2415338640625 0.13844621562499998 0.23555776874999998 0.13545816718749998 0.23057768906249998 0.13844621562499998 0.22758964218750002 0.13147410312500002 0.22460159375000002 0.13844621562499998 0.2206175296875 0.13545816718749998 0.2176294828125 0.13844621562499998 0.11802788906249999 0.13545816718749998 0.11254980156250001 0.1419322703125 0.11055776875000001 0.16683266875 0.1065737046875 0.41185258906250005 0.1025896421875 0.4317729078125 0.1035856578125 0.48057768906250004 0.10956175312500001 0.49053784843750003 0.100597609375 0.49850597656250006 0.107569721875 0.5044820718749999 0.106075696875 0.50896414375 0.10159362499999999 0.5084661359375 0.100597609375 0.51444223125 0.1065737046875 0.515438246875 0.107569721875 0.5224103578125 0.10159362499999999 0.523406375 0.100597609375 0.5303784859375 0.10856573750000001 0.537350596875 0.0936254984375 0.5512948203125 0.0946215140625 0.6608565734375 0.0981075703125 0.6454183265625 0.1025896421875 0.654880478125 0.09960159375 0.6578685265625001 0.09960159375 0.8122509953125 0.09860557812500001 0.8192231078125 0.0936254984375 0.8182270921875 0.095119521875 0.8227091640624999 0.09860557812500001 0.8212151390625 0.09860557812500001 0.83316733125 0.0936254984375 0.834163346875 0.09860557812500001 0.8371513937499999 0.09860557812500001 0.8481075703125001 0.0936254984375 0.8500996015625001 0.09860557812500001 0.85308765 0.0936254984375 0.867031871875 0.09860557812500001 0.8710159359375 0.09860557812500001 0.8909362546875 0.1020916328125 0.8964143421875 0.11404382500000002 0.8994023906249999 0.2983067734375 0.8994023906249999 0.45019920312500006 0.904880478125 0.47360557812500004 0.8994023906249999 0.48007968125 0.875 0.48406374531249996 0.767430278125 0.48207171249999997 0.557270915625
1 0.7071713140625 0.834163346875 0.6852589640625 0.8172310749999999 0.6812749 0.7993027890625 0.69023904375 0.7793824703125 0.70667330625 0.7679282875 0.722111553125 0.7495019921875 0.74103585625 0.6718127484374999 0.7370517921874999 0.6419322703125 0.726593625 0.6274900390625 0.716633465625 0.6225099609375 0.6907370515625 0.6274900390625 0.6772908359375001 0.6379482078125001 0.670318725 0.6489043828125001 0.6573705171875 0.705677290625 0.63944223125 0.7524900390625 0.6254980078125 0.8162350593750001 0.6264940234374999 0.834163346875 0.636952190625 0.8496015937499999 0.6658366531250001 0.8645418328125001 0.692231075 0.8700199203125001 0.70268924375 0.868525896875 0.7101593625 0.8610557765625 0.711155378125 0.8431274906249999 0.7071713140625 0.834163346875
1 0.9033864546875 0.712649403125 0.8879482078125 0.6912350593750001 0.8789840640625 0.6862549796875 0.8640438250000001 0.6852589640625 0.8446215140625 0.6997011953125 0.841633465625 0.7106573703125 0.8436254984374999 0.734561753125 0.8570717125 0.750996015625 0.881474103125 0.75348605625 0.8909362546875 0.750996015625 0.9003984062500001 0.7415338640625 0.9043824703125001 0.7275896421875 0.9033864546875 0.712649403125
1 0.8635458171874999 0.8281872515625001 0.854083665625 0.8147410359375 0.8391434265625 0.8077689250000001 0.8062749 0.8067729078125 0.7923306765625 0.8137450203125001 0.7838645421875 0.8232071718749999 0.779880478125 0.83316733125 0.779880478125 0.854083665625 0.7878486062500001 0.8720119515625001 0.795318725 0.8774900390625 0.8092629484374999 0.88247011875 0.8276892437500001 0.8819721109374999 0.8441235062500001 0.8754980078125 0.8575697218749999 0.863047809375 0.8645418328125001 0.845119521875 0.8635458171874999 0.8281872515625001
1 0.8441235062500001 0.21414342656250002 0.83316733125 0.20816733125 0.8222111546875001 0.20816733125 0.8082669328125001 0.2151394421875 0.7948207171874999 0.2375498015625 0.8007968125 0.26743027812500003 0.8122509953125 0.2758964140625 0.8247011953125 0.27639442187499996 0.8431274906249999 0.26992031875 0.8535856578125 0.2514940234375 0.8515936249999999 0.22460159375000002 0.8441235062500001 0.21414342656250002
1 0.6523904375 0.915836653125 0.660358565625 0.9188247015625001 0.6663346609375 0.9108565734375 0.6628486062500001 0.9073705171875 0.652888446875 0.908366534375 0.6523904375 0.915836653125
1 0.5632470125 0.45717131406249994 0.551792828125 0.4676294828125 0.5527888453124999 0.48754980156250005 0.5632470125 0.4950199203125 0.5826693234375 0.49551792812500006 0.5946215140625 0.48456175312500005 0.5946215140625 0.466633465625 0.5811752984375 0.45517928281250003 0.5632470125 0.45717131406249994
1 0.8062749 0.3934262953125 0.7903386453125 0.3695219125 0.765438246875 0.3585657375 0.7529880484375 0.3461155375 0.7440239046875 0.3212151390625 0.7305776890625 0.31175298749999997 0.69571713125 0.31772908437499997 0.6688247015625 0.329681275 0.6235059765625001 0.37699203125 0.6235059765625001 0.3889442234375 0.6304780875 0.40786852656250006 0.6419322703125 0.4243027890625 0.6817729078125 0.420318725 0.74651394375 0.4233067734375 0.7773904375 0.4342629484375 0.7898406375 0.433764940625 0.8391434265625 0.4173306765625 0.8466135453125 0.40587649375 0.8391434265625 0.40039840625 0.8062749 0.3934262953125
1 0.89492031875 0.328685259375 0.8844621515625001 0.334163346875 0.8834661359375 0.3411354578125 0.888446215625 0.35308765000000003 0.8994023906249999 0.35707171249999997 0.9063745015625001 0.3520916328125 0.90936255 0.3411354578125 0.9038844625 0.33167330625 0.89492031875 0.328685259375
1 0.8565737046875 0.3122509953125 0.86055776875 0.30428286875 0.8510956171874999 0.3007968125 0.848605578125 0.3092629484375 0.8565737046875 0.3122509953125
1 0.8281872515625001 0.17430278906250002 0.82071713125 0.185756971875 0.827191234375 0.19123505937500002 0.8326693234375 0.1907370515625 0.8376494031249999 0.1867529875 0.8376494031249999 0.1797808765625 0.83316733125 0.17430278906250002 0.8281872515625001 0.17430278906250002
1 0.26792828750000003 0.1937251 0.27191234999999997 0.18476095625 0.2664342625 0.182270915625 0.260956175 0.1887450203125 0.26792828750000003 0.1937251
1 0.7928286859375 0.8899402390625 0.8027888453124999 0.8919322703124999 0.8067729078125 0.8839641437499999 0.8022908359375001 0.8794820718749999 0.794322709375 0.8794820718749999 0.7928286859375 0.8899402390625