0 0.4670731703125 0.0488215484375 0.45060975625 0.041526375 0.325 0.03928170625 0.313414634375 0.0454545453125 0.2908536578125 0.07631874375 0.2737804875 0.084175084375 0.24817073125000003 0.08529741874999999 0.222560975 0.0751964078125 0.1957317078125 0.037037037499999995 0.04817073125 0.035914703125 0.0426829265625 0.058922559375 0.036585365625 0.44949494999999995 0.04695121875 0.45791245781249995 0.077439025 0.4601571265625 0.440243903125 0.464085296875 0.4573170734375 0.45622895625000004 0.46463414687500004 0.4248035921875 0.47073170781250007 0.1217732890625 0.4670731703125 0.0488215484375
0 0.94817073125 0.049382715625000004 0.8493902437499999 0.047138046875 0.5664634140625 0.044893378125 0.55304878125 0.049382715625000004 0.5451219515625 0.06228956249999999 0.540243903125 0.2239057234375 0.540243903125 0.44388327656250004 0.5463414640625001 0.458473625 0.5615853656249999 0.4646464640625 0.59817073125 0.46689113281249994 0.92804878125 0.4719416390625 0.9518292687500001 0.46913580312500003 0.962195121875 0.455106621875 0.9658536578125 0.055555556250000006 0.94817073125 0.049382715625000004
0 0.463414634375 0.7659932656249999 0.4670731703125 0.726711559375 0.4585365859375 0.7008978671875 0.45975609687499996 0.5572390578124999 0.45609756093750004 0.542648709375 0.4286585359375 0.5342312015624999 0.29939024375 0.530864196875 0.04817073125 0.52749719375 0.038414634375 0.5319865312500001 0.0341463421875 0.5370370375 0.0329268296875 0.5707070703125 0.024390243750000002 0.9478114484375 0.0457317078125 0.955106621875 0.4329268296875 0.9590347921875001 0.45 0.9534231203125 0.4548780484375 0.936588103125 0.45365853593749994 0.803030303125 0.463414634375 0.7659932656249999
0 0.9573170734374999 0.549382715625 0.939634146875 0.5420875421875 0.839634146875 0.5387205390625 0.5469512187500001 0.5409652078125 0.5365853656249999 0.5583613921875 0.5317073171875 0.7020202015625 0.52560975625 0.71661055 0.513414634375 0.72334455625 0.510975609375 0.7345679015625 0.4926829265625 0.7413019078125 0.5 0.7413019078125 0.497560975 0.7626262625 0.489634146875 0.7586980921875 0.48414634218749997 0.76487093125 0.515243903125 0.7699214359375001 0.52560975625 0.7805836140625 0.5317073171875 0.798540965625 0.5292682921874999 0.9489337828125001 0.538414634375 0.957351290625 0.5701219515625 0.9629629625 0.92804878125 0.9702581374999999 0.9506097562500001 0.9674523015625001 0.9548780484374999 0.9545454546875 0.960975609375 0.58529741875 0.9573170734374999 0.549382715625
1 0.44268292656249997 0.118406284375 0.4176829265625 0.0998877671875 0.39451219531250004 0.10213243593750002 0.37378048750000004 0.10998877656249999 0.3548780484375 0.1285072953125 0.34512195156250003 0.15207631875 0.3463414640625 0.1734006734375 0.359756096875 0.201459034375 0.384756096875 0.21997755312499997 0.4048780484375 0.2205387203125 0.41890243906249996 0.21661055 0.43902439062500004 0.20033669999999998 0.452439025 0.16217732812500002 0.44268292656249997 0.118406284375
1 0.4329268296875 0.35970819375 0.43902439062500004 0.335016834375 0.4341463421875 0.3035914703125 0.42439024375 0.284511784375 0.40670731718750003 0.270482603125 0.36890243906250003 0.2671156 0.33475609687499996 0.2738496078125 0.260365853125 0.307519640625 0.19695121875 0.31986532031250003 0.1554878046875 0.33782267187500004 0.147560975 0.3451178453125 0.15 0.3619528625 0.162804878125 0.3714927046875 0.225 0.38271605000000003 0.288414634375 0.4141414140625 0.32804878125000003 0.41919191875 0.3701219515625 0.4152637484375 0.40304878125 0.401795734375 0.4182926828125 0.3855218859375 0.4329268296875 0.35970819375
1 0.24695121874999998 0.136924803125 0.2304878046875 0.148709315625 0.2292682921875 0.1722783390625 0.235975609375 0.182940515625 0.26097560937500003 0.19360269375 0.2841463421875 0.1835016828125 0.28902439062499996 0.1644219984375 0.2701219515625 0.14141414218749998 0.24695121874999998 0.136924803125
1 0.234756096875 0.18181818125 0.2207317078125 0.190235690625 0.2170731703125 0.205948371875 0.22987804843749998 0.2210998875 0.2451219515625 0.22166105468750003 0.2585365859375 0.2115600453125 0.26097560937500003 0.19696969687500002 0.25182926875 0.1863075203125 0.234756096875 0.18181818125
1 0.10304878125000001 0.27609427656249996 0.09756097500000001 0.28114478125 0.09756097500000001 0.2946127953125 0.1054878046875 0.300785634375 0.114634146875 0.3002244671875 0.12317073125 0.29573512968750004 0.12439024375 0.28338945 0.11524390312499999 0.2772166109375 0.10304878125000001 0.27609427656249996
1 0.1189024390625 0.08305275 0.11097560937499999 0.0925925921875 0.11097560937499999 0.1038159375 0.1189024390625 0.1111111109375 0.12804878125000002 0.11054994375 0.136585365625 0.104938271875 0.137804878125 0.0925925921875 0.1310975609375 0.08529741874999999 0.1189024390625 0.08305275
1 0.161585365625 0.12345679062499999 0.1536585359375 0.1296296296875 0.152439025 0.1374859703125 0.15914634218749998 0.1459034796875 0.1695121953125 0.146464646875 0.17682926875 0.1408529734375 0.17804878125 0.13299663281250002 0.1737804875 0.125701459375 0.161585365625 0.12345679062499999
1 0.12439024375 0.067901234375 0.12439024375 0.075757575 0.1286585359375 0.08080808125 0.137804878125 0.0813692484375 0.1439024390625 0.0780022453125 0.14634146406249998 0.067901234375 0.13231707343750002 0.0606060609375 0.12439024375 0.067901234375
1 0.0792682921875 0.0959595953125 0.086585365625 0.0993266 0.0926829265625 0.0959595953125 0.0926829265625 0.0903479234375 0.08475609687499999 0.0875420875 0.0792682921875 0.0959595953125
1 0.1914634140625 0.317059484375 0.197560975 0.32042648749999997 0.20609756093749998 0.31593715 0.20060975625 0.30527497187499997 0.1914634140625 0.3103254765625 0.1914634140625 0.317059484375
1 0.3048780484375 0.16891133593750002 0.310365853125 0.173961840625 0.3182926828125 0.1734006734375 0.32317073125 0.1700336703125 0.32317073125 0.159932659375 0.311585365625 0.1571268234375 0.3048780484375 0.16891133593750002
1 0.32439024375000003 0.1700336703125 0.335365853125 0.1734006734375 0.3414634140625 0.16217732812500002 0.337195121875 0.1571268234375 0.3286585359375 0.1571268234375 0.32439024375000003 0.1700336703125
1 0.2792682921875 0.144219978125 0.2841463421875 0.1352413015625 0.275 0.13131313125 0.26951219531250004 0.1397306390625 0.2792682921875 0.144219978125
1 0.6201219515624999 0.07968574687499999 0.609756096875 0.0858585859375 0.6073170734375 0.10044893437499999 0.615243903125 0.10998877656249999 0.62804878125 0.11054994375 0.639024390625 0.102693603125 0.640243903125 0.0903479234375 0.634756096875 0.081930415625 0.6201219515624999 0.07968574687499999
1 0.8414634140624999 0.1756453421875 0.85 0.153198653125 0.85 0.1352413015625 0.836585365625 0.102693603125 0.8115853656249999 0.08305275 0.789634146875 0.07968574687499999 0.7567073171875001 0.08529741874999999 0.6957317078125 0.10998877656249999 0.6658536578125 0.148709315625 0.6512195125 0.19135802500000001 0.6536585359375 0.20258136875 0.662804878125 0.21099887812499998 0.6951219515625 0.21492704843750002 0.727439025 0.20650953906249997 0.7945121953125 0.21436588125 0.8176829265625001 0.2031425359375 0.8414634140624999 0.1756453421875
1 0.9292682921875001 0.3451178453125 0.9231707312499999 0.32716049375 0.9054878046875 0.30639730625 0.8810975609374999 0.29405162812499996 0.8506097562500001 0.2906846234375 0.789634146875 0.300785634375 0.7628048781250001 0.314253646875 0.7536585359375 0.326038159375 0.7560975609375 0.35970819375 0.7719512187500001 0.3956228953125 0.8006097562500001 0.4197530859375 0.8451219515625 0.4248035921875 0.8676829265625001 0.41863075156249996 0.887195121875 0.4074074078125 0.92804878125 0.369809203125 0.9292682921875001 0.3451178453125
1 0.760975609375 0.3799102125 0.75 0.326038159375 0.7426829265625 0.3125701453125 0.712804878125 0.2850729515625 0.6908536578125 0.2749719421875 0.675 0.2738496078125 0.65 0.291245790625 0.6182926828124999 0.3417508421875 0.610975609375 0.367564534375 0.610975609375 0.3933782265625 0.62317073125 0.415824915625 0.6371951218749999 0.4287317625 0.6689024390625 0.442199775 0.689024390625 0.44388327656250004 0.7201219515624999 0.43995510624999995 0.735975609375 0.432098765625 0.7512195125 0.415824915625 0.760975609375 0.3799102125
1 0.5414634140625 0.3428731765625 0.540243903125 0.35858585781249996 0.5469512187500001 0.36475869843750003 0.5548780484375 0.36419753125 0.5634146343750001 0.3574635234375 0.564634146875 0.3451178453125 0.5542682921875 0.33782267187500004 0.5414634140625 0.3428731765625
1 0.5945121953125 0.2794612796875 0.587804878125 0.29012345625 0.590243903125 0.3002244671875 0.60060975625 0.30527497187499997 0.613414634375 0.3047138046875 0.6182926828124999 0.29573512968750004 0.6170731703125 0.28338945 0.610365853125 0.2783389453125 0.5945121953125 0.2794612796875
1 0.664634146875 0.23961840625000003 0.6658536578125 0.24747474687499998 0.67804878125 0.2508417515625 0.6829268296875 0.245230078125 0.6817073171875 0.238496071875 0.6689024390625 0.2356902359375 0.664634146875 0.23961840625000003
1 0.5792682921875 0.2586980921875 0.5792682921875 0.273288440625 0.589024390625 0.27665544375 0.6048780484375 0.2631874296875 0.5957317078125001 0.25140291875 0.584756096875 0.25140291875 0.5792682921875 0.2586980921875
1 0.5548780484375 0.2631874296875 0.5560975609375001 0.2699214359375 0.5682926828125 0.273288440625 0.5731707312500001 0.2699214359375 0.5731707312500001 0.25982042656250004 0.560365853125 0.257014590625 0.5548780484375 0.2631874296875
1 0.5664634140625 0.30639730625 0.57560975625 0.3069584734375 0.5804878046875 0.2946127953125 0.5676829265625 0.2884399546875 0.5597560968749999 0.2991021328125 0.5664634140625 0.30639730625
1 0.8914634140625 0.7704826031249999 0.8804878046875 0.7312008984375 0.8695121953125 0.708754209375 0.8567073171875 0.6958473625 0.8286585359374999 0.6801346796875001 0.8054878046875 0.6722783390625 0.789634146875 0.6722783390625 0.764024390625 0.657687990625 0.74695121875 0.655443321875 0.714024390625 0.6632996640625 0.714634146875 0.678451178125 0.7713414640625 0.73512906875 0.8048780484375 0.76038159375 0.814634146875 0.7850729515625 0.8243902437499999 0.7929292921875 0.82317073125 0.8288439953125 0.8170731703125 0.8299663296875 0.814024390625 0.8114478109375 0.8036585359374999 0.8299663296875 0.7664634140625 0.8529741859375 0.7451219515624999 0.8759820421875 0.7439024390625 0.8872053875000001 0.74939024375 0.8945005609375001 0.77317073125 0.8973063968749999 0.8201219515625 0.8866442203125 0.8707317078125 0.8591470265625001 0.8890243906249999 0.8299663296875 0.8914634140625 0.7704826031249999
1 0.8158536578125 0.7895622890625 0.810975609375 0.7716049375 0.8048780484375 0.761503928125 0.784756096875 0.747474746875 0.7567073171875001 0.747474746875 0.727439025 0.7575757578125 0.6939024390624999 0.7884399546874999 0.6865853656249999 0.8007856343749999 0.6829268296875 0.8243546578125001 0.687804878125 0.840067340625 0.7030487812499999 0.8529741859375 0.739024390625 0.855780021875 0.777439025 0.8462401796875 0.79939024375 0.832772165625 0.8134146343750001 0.8131313125 0.8158536578125 0.7895622890625
1 0.42682926875 0.8164983171875001 0.42439024375 0.7839506171874999 0.4073170734375 0.754769921875 0.38109756093749997 0.7328844 0.35670731718750004 0.7250280578125 0.33841463437499997 0.7283950625 0.3207317078125 0.7435465765625 0.2548780484375 0.8333333328125001 0.25609756093749997 0.84792368125 0.277439025 0.86419753125 0.314024390625 0.8765432093750001 0.340243903125 0.8771043765625001 0.3701219515625 0.874298540625 0.39695121875 0.8619528624999999 0.41219512187499996 0.84792368125 0.42682926875 0.8164983171875001
1 0.162804878125 0.5881032546875 0.13231707343750002 0.5780022453125 0.114024390625 0.5824915828125 0.1036585359375 0.5909090906250001 0.0951219515625 0.6178451171875 0.1067073171875 0.6374859703125 0.137804878125 0.6447811453125001 0.1567073171875 0.6408529734374999 0.1682926828125 0.63131313125 0.17560975625 0.6066217734375 0.162804878125 0.5881032546875
1 0.335365853125 0.6200897875 0.3262195125 0.611672278125 0.310365853125 0.607182940625 0.30365853593750003 0.6088664421875001 0.30243902500000003 0.7031425359375 0.30731707343750003 0.7053872046875 0.3335365859375 0.690235690625 0.3463414640625 0.678451178125 0.3536585359375 0.6627384953125001 0.335365853125 0.6200897875
1 0.2737804875 0.611672278125 0.2548780484375 0.625701459375 0.24024390312500002 0.6851851859375 0.24268292656249998 0.6986531984375 0.25060975625 0.705948371875 0.28902439062499996 0.708754209375 0.30243902500000003 0.7042648703125 0.30365853593750003 0.6099887765625 0.29939024375 0.607182940625 0.2737804875 0.611672278125
1 0.40182926874999997 0.5925925921874999 0.388414634375 0.5925925921874999 0.3707317078125 0.6021324359375 0.362195121875 0.6200897875 0.3682926828125 0.6380471375 0.37743902500000004 0.6464646468749999 0.397560975 0.6515151515625 0.414634146875 0.6436588109375 0.42560975624999997 0.6200897875 0.41524390312500004 0.600448934375 0.40182926874999997 0.5925925921874999
1 0.1786585359375 0.775533109375 0.1542682921875 0.77665544375 0.152439025 0.8254769921875 0.1951219515625 0.8277216609375 0.2073170734375 0.8209876546875 0.2073170734375 0.803030303125 0.18292682968750001 0.79741863125 0.1786585359375 0.775533109375
1 0.2054878046875 0.82267115625 0.1926829265625 0.8310886640625 0.189024390625 0.84792368125 0.19817073125 0.86419753125 0.21463414687500001 0.8670033671875 0.2304878046875 0.8602693609375001 0.23536585312499997 0.8445566781249999 0.225 0.8271604937499999 0.2054878046875 0.82267115625
1 0.2554878046875 0.5791245796875 0.2445121953125 0.5824915828125 0.2341463421875 0.597643096875 0.2445121953125 0.6127946125 0.259756096875 0.6156004484375 0.26829268281249996 0.6088664421875001 0.27317073125 0.5965207625 0.2707317078125 0.588664421875 0.2554878046875 0.5791245796875
1 0.9286585359374999 0.9012345671875 0.9195121953125 0.9074074078125 0.9170731703125 0.9208754203125 0.925 0.9292929296875 0.9365853656249999 0.929854096875 0.9451219515625 0.9219977546875 0.947560975 0.9118967453125 0.9408536578125 0.902356903125 0.9286585359374999 0.9012345671875
1 0.6030487812499999 0.740740740625 0.597560975 0.75140291875 0.6030487812499999 0.7586980921875 0.6176829265625 0.7586980921875 0.6298780484375001 0.7699214359375001 0.636585365625 0.7704826031249999 0.6451219515625 0.7413019078125 0.635975609375 0.7306397312499999 0.625 0.7283950625 0.6030487812499999 0.740740740625
1 0.6823170734375 0.8709315375 0.6792682921875 0.88496071875 0.6841463421875 0.89393939375 0.6932926828125 0.9001122328125 0.7048780484375 0.9006734 0.714634146875 0.8961840625 0.7134146343750001 0.891694725 0.69695121875 0.8765432093750001 0.6823170734375 0.8709315375
1 0.4335365859375 0.9090909093749999 0.42560975624999997 0.9231200890625001 0.4310975609375 0.9292929296875 0.4439024390625 0.929854096875 0.4512195125 0.925364759375 0.4512195125 0.9163860828124999 0.4432926828125 0.9090909093749999 0.4335365859375 0.9090909093749999
1 0.9085365859375001 0.446127946875 0.9195121953125 0.44949494999999995 0.9243902437499999 0.446127946875 0.9231707312499999 0.4371492703125 0.9115853656249999 0.43546576875 0.9085365859375001 0.446127946875
1 0.4158536578125 0.8737373734375 0.4341463421875 0.8782267109375 0.4414634140625 0.8737373734375 0.4439024390625 0.8636363640625 0.411585365625 0.8540965203124999 0.4158536578125 0.8737373734375
1 0.9365853656249999 0.5785634125 0.9378048781249999 0.5684624015625 0.9286585359374999 0.5667789 0.9256097562500001 0.57631874375 0.9365853656249999 0.5785634125