1 0.9390896921874999 0.7239165328125 0.906961178125 0.722311396875 0.8828647921874999 0.7383627609375 0.8674698796874999 0.758426965625 0.8580990625 0.7857142859375 0.8554216875 0.8178170140625 0.8661311921875001 0.84831460625 0.8842034812499999 0.873194221875 0.9042838015625 0.8844301765625 0.937081659375 0.8836276078124999 0.9598393578125 0.872391653125 0.9638554218750001 0.7439807390625 0.9605087015624999 0.7335473515625 0.9390896921874999 0.7239165328125
1 0.9591700140625001 0.150882825 0.9297188750000001 0.1444622796875 0.905622490625 0.150882825 0.8862115125000001 0.16934189375 0.8701472562499999 0.20786516875 0.8688085671874999 0.2383627609375 0.87282463125 0.2608346703125 0.8908969203125 0.29213483125 0.9149933062500001 0.306581059375 0.937081659375 0.305778490625 0.9605087015624999 0.29695024062500003 0.9718875499999999 0.28330658125 0.9718875499999999 0.164526484375 0.9591700140625001 0.150882825
1 0.2242302546875 0.7383627609375 0.21686747031250003 0.7520064203125 0.22088353437500002 0.7712680578125 0.2402945109375 0.788121990625 0.2623828640625 0.7905296953125001 0.27978580937499997 0.769662921875 0.2757697453125 0.7487961484375 0.25234270468750003 0.731942215625 0.2242302546875 0.7383627609375
1 0.51606425625 0.2953451046875 0.50066934375 0.30738362812500003 0.4979919671875 0.32985553749999996 0.5107095046875 0.34831460625 0.52744310625 0.3507223109375 0.5435073625 0.334670946875 0.5448460515625 0.3138041734375 0.5348058906250001 0.29855537656250003 0.51606425625 0.2953451046875
1 0.5327978578125 0.231942215625 0.52744310625 0.249598715625 0.5388219546874999 0.268057784375 0.550200803125 0.268860353125 0.55823293125 0.2608346703125 0.5622489953125 0.241573034375 0.54283801875 0.2231139640625 0.5327978578125 0.231942215625
1 0.8239625171875 0.9085072234375 0.8179384203125 0.9173354734375 0.8179384203125 0.9333868375 0.82797858125 0.9454253609375 0.84203480625 0.9462279296875 0.8527443109374999 0.934991975 0.8514056218749999 0.918940609375 0.8400267734375 0.90529695 0.8239625171875 0.9085072234375
1 0.8955823296875 0.909309790625 0.9089692109374999 0.9141252 0.9143239624999999 0.909309790625 0.9143239624999999 0.8980738359375 0.9002677374999999 0.8924558593749999 0.8955823296875 0.909309790625
1 0.9022757703125001 0.6942215093749999 0.8995983937500001 0.7102728734375 0.9029451140625 0.720706259375 0.9143239624999999 0.721508828125 0.9263721546875001 0.71669341875 0.9263721546875001 0.6974317812499999 0.9096385546875 0.68860353125 0.9022757703125001 0.6942215093749999
1 0.9404283796874999 0.6773675765625 0.9277108437500001 0.6910112359375 0.9277108437500001 0.7134831453125 0.9377510046875001 0.7239165328125 0.9518072296875 0.7263242375 0.9625167343750001 0.71669341875 0.9611780453125001 0.6910112359375 0.9538152609375 0.6805778484375 0.9404283796874999 0.6773675765625
1 0.5227576968750001 0.741573034375 0.5026773765625 0.731942215625 0.4759036140625 0.730337078125 0.41298527500000004 0.7528089890625 0.4002677375 0.7648475125 0.4002677375 0.7953451046875 0.41298527500000004 0.8089887640625 0.46519410937499994 0.834670946875 0.5073627843749999 0.8386837874999999 0.5294511375 0.826645265625 0.542168675 0.7985553765625 0.5381526109375 0.7616372390625 0.5227576968750001 0.741573034375
0 0.9678714859375 0.35232744843749997 0.9738955828125 0.28892455781250004 0.9377510046875001 0.3033707859375 0.8949129859375 0.29695024062500003 0.878179384375 0.27528089843750003 0.8701472562499999 0.2512038515625 0.87148594375 0.19823435 0.893574296875 0.15890850781250002 0.9190093703125 0.146067415625 0.9625167343750001 0.15008025625000002 0.9598393578125 0.1340288921875 0.9323962515625001 0.1107544140625 0.9123159296875001 0.10593900468749999 0.565595715625 0.10272873125 0.41298527500000004 0.0930979140625 0.1171352078125 0.0882825046875 0.094377509375 0.0930979140625 0.0696117796875 0.1260032109375 0.062918340625 0.344301765625 0.0876840703125 0.3836276078125 0.1091030796875 0.3948635640625 0.42904953125 0.40449438125 0.665997321875 0.40449438125 0.8500669343749999 0.41492776875 0.8975903609375001 0.41252006406249997 0.9390896921874999 0.401284109375 0.95850066875 0.3796147671875 0.9678714859375 0.35232744843749997
0 0.95850066875 0.8772070624999999 0.9176706828125001 0.8844301765625 0.88688085625 0.87640449375 0.8701472562499999 0.8563402890624999 0.8594377515625 0.8306581062499999 0.8554216875 0.7985553765625 0.8701472562499999 0.7520064203125 0.8761713515625 0.7512038515625 0.8801874156249999 0.741573034375 0.8895582328125 0.7431781703125 0.893574296875 0.731942215625 0.9538152609375 0.731942215625 0.95582329375 0.768057784375 0.9598393578125 0.769662921875 0.9605087015624999 0.712680578125 0.9551539484375 0.71589085 0.9538152609375 0.7094703046874999 0.9457831328124999 0.7094703046874999 0.9531459171875 0.7134831453125 0.9531459171875 0.7199036921874999 0.9417670687499999 0.7239165328125 0.9257028109375 0.7191011234375 0.9109772421875 0.72552166875 0.90093708125 0.71669341875 0.90093708125 0.6974317812499999 0.9089692109374999 0.6910112359375 0.9096385546875 0.6757624390625 0.9270415 0.6773675765625 0.9183400265625 0.682985553125 0.9257028109375 0.6918138046875 0.9404283796874999 0.6821829859374999 0.9591700140625001 0.6869983953125 0.9457831328124999 0.6918138046875 0.9424364125 0.7006420546875 0.9611780453125001 0.7006420546875 0.9544846046875 0.6974317812499999 0.9611780453125001 0.692616371875 0.9611780453125001 0.6685393265624999 0.9464524765625001 0.6396468703125 0.9310575640625001 0.6292134828125 0.8212851406249999 0.6211878015625001 0.45716198124999996 0.6179775281250001 0.3969210171875 0.6115569828125 0.07563587656250001 0.6099518453125 0.064926371875 0.6115569828125 0.058902275000000004 0.6203852328125 0.0548862109375 0.872391653125 0.07295850000000001 0.9036918140625 0.0957161984375 0.9181380421875 0.9049531453125 0.9365971109375 0.9297188750000001 0.929373996875 0.9404283796874999 0.919743178125 0.9544846046875 0.8996789734374999 0.95850066875 0.8772070624999999