0 0.8136094671875 0.9201298703124999 0.8195266265625 0.09285714218749999 0.79881656875 0.0707792203125 0.7677514796875 0.0571428578125 0.7263313609375001 0.04935065 0.25 0.046753246875 0.2248520703125 0.0551948046875 0.210059171875 0.1331168828125 0.21301775156249997 0.9616883109375 0.23224852031249998 0.971428571875 0.3624260359375 0.9701298703125 0.46893491093749995 0.977922078125 0.6745562125 0.9772727265625001 0.7144970421875 0.9753246750000001 0.7588757390625 0.964935065625 0.7958579875 0.9474025968750001 0.8136094671875 0.9201298703124999
1 0.44378698281249995 0.38116883125 0.4349112421875 0.3668831171875 0.440828403125 0.34870129843750003 0.4571005921875 0.3389610390625 0.49260355 0.33766233749999996 0.5029585796875 0.33181818125 0.5 0.309740259375 0.4541420125 0.303896103125 0.437869821875 0.29285714218750003 0.4349112421875 0.27597402656250003 0.4497041421875 0.2603896109375 0.4363905328125 0.2571428578125 0.399408284375 0.2642857140625 0.33727810625 0.303246753125 0.28698224843750003 0.3422077921875 0.2928994078125 0.35 0.2751479296875 0.352597403125 0.25739645 0.3824675328125 0.2943786984375 0.41298701250000003 0.357988165625 0.41493506562500004 0.4304733734375 0.4051948046875 0.45562130156249997 0.3928571421875 0.45857988125000004 0.385064934375 0.44378698281249995 0.38116883125
1 0.5310650890625 0.6636363640625 0.46597633125 0.6545454546875 0.418639053125 0.659740259375 0.399408284375 0.66818181875 0.378698225 0.6863636359374999 0.37573964531250004 0.703246753125 0.384615384375 0.71883116875 0.42159763281249996 0.7376623375 0.4541420125 0.7454545453125 0.47633136093750006 0.7448051953125 0.5281065093749999 0.73116883125 0.5502958578125 0.71883116875 0.562130178125 0.6850649343749999 0.5310650890625 0.6636363640625
1 0.3328402359375 0.69350649375 0.304733728125 0.7110389609375 0.3269230765625 0.7207792203125 0.3550295859375 0.7201298703125001 0.372781065625 0.7136363640625001 0.372781065625 0.7019480515625001 0.3535502953125 0.69350649375 0.3328402359375 0.69350649375
1 0.346153846875 0.852597403125 0.3683431953125 0.8662337656249999 0.41420118281249996 0.8707792203125001 0.40828402343750003 0.8370129875 0.3831360953125 0.828571428125 0.36094674531250004 0.8357142859375 0.346153846875 0.852597403125
1 0.6775147921875 0.952597403125 0.710059171875 0.9577922078125001 0.7278106515625 0.9538961031250001 0.7248520703125 0.9422077921875 0.687869821875 0.9376623374999999 0.6775147921875 0.952597403125
1 0.6967455625000001 0.824675325 0.683431953125 0.8396103890625 0.702662721875 0.85064935 0.736686390625 0.8512987015625001 0.7514792906250001 0.8448051953125001 0.7544378703125 0.8318181812500001 0.7233727812499999 0.822077921875 0.6967455625000001 0.824675325
1 0.7056213015624999 0.7389610390625 0.6893491125 0.75 0.6923076921875 0.7668831171875 0.7278106515625 0.7733766234375 0.7662721890624999 0.759090909375 0.763313609375 0.7448051953125 0.73816568125 0.7363636359375 0.7056213015624999 0.7389610390625
1 0.22928994062500002 0.466233765625 0.21301775156249997 0.472077921875 0.21301775156249997 0.49415584375000005 0.2204142015625 0.4987012984375 0.24260354999999997 0.4980519484375 0.2603550296875 0.49415584375000005 0.2721893484375 0.478571428125 0.25 0.46753246718749997 0.22928994062500002 0.466233765625
1 0.66272189375 0.534415584375 0.613905325 0.49740259687500005 0.5636094671875 0.48441558437500004 0.513313609375 0.48441558437500004 0.46893491093749995 0.49350649375 0.4289940828125 0.509740259375 0.41420118281249996 0.547402596875 0.42011834375 0.5616883109375 0.44230769218750005 0.5740259734375 0.54142011875 0.5941558437500001 0.5813609468750001 0.5922077921875 0.642011834375 0.5759740265625 0.6597633140625 0.5629870125 0.66272189375 0.534415584375
1 0.622781065625 0.3584415578125 0.5754437875 0.366233765625 0.5384615390625 0.38116883125 0.5295857984375 0.4045454546875 0.554733728125 0.43116883125000005 0.5813609468750001 0.440259740625 0.6301775140625 0.44350649375 0.6923076921875 0.42662337656249993 0.71597633125 0.3928571421875 0.690828403125 0.3675324671875 0.622781065625 0.3584415578125
1 0.70857988125 0.22857142812500003 0.6464497046875 0.2376623375 0.600591715625 0.26818181874999997 0.6065088750000001 0.2863636359375 0.628698225 0.29870129843750004 0.6582840234375 0.30519480468750004 0.6923076921875 0.3045454546875 0.73076923125 0.29415584375 0.7544378703125 0.2577922078125 0.7485207093749999 0.2396103890625 0.70857988125 0.22857142812500003
1 0.42603550312499994 0.153896103125 0.4349112421875 0.140909090625 0.40384615312500005 0.1376623375 0.393491125 0.15 0.42603550312499994 0.153896103125