0 0.953246753125 0.7115384609375 0.9558441562500001 0.255917159375 0.9545454546875 0.23816568125 0.94350649375 0.221893490625 0.878571428125 0.210059171875 0.14740259687499999 0.20414201250000003 0.042207792187499996 0.210059171875 0.03181818125 0.221893490625 0.0272727265625 0.24408284062500002 0.0272727265625 0.39792899375 0.022077921875 0.4630177515625 0.024675325 0.6997041421875 0.0376623375 0.76183431875 0.065584415625 0.804733728125 0.0824675328125 0.8136094671875 0.2551948046875 0.8195266265625 0.9 0.8210059171875 0.9175324671875 0.8136094671875 0.9357142859375 0.7869822484375 0.9454545453125001 0.76183431875 0.953246753125 0.7115384609375
1 0.34155844218750003 0.418639053125 0.314935065625 0.378698225 0.2876623375 0.378698225 0.2623376625 0.42455621250000003 0.25584415625 0.47781065156249997 0.28116883125 0.547337278125 0.29545454531250004 0.562130178125 0.3168831171875 0.5606508875 0.33051948124999997 0.547337278125 0.34415584374999997 0.5014792906250001 0.346753246875 0.4630177515625 0.34155844218750003 0.418639053125
1 0.5168831171875 0.5162721890624999 0.5116883109375 0.48076923125000004 0.496753246875 0.437869821875 0.483766234375 0.42011834375 0.4551948046875 0.41420118281249996 0.4370129875 0.4230769234375 0.42467532500000005 0.44822485156249997 0.41038961093750004 0.5103550296875 0.4077922078125 0.5636094671875 0.415584415625 0.6198224859375 0.42662337656249993 0.6449704140625 0.44480519531249996 0.66272189375 0.46493506562500003 0.661242603125 0.483766234375 0.64792899375 0.5051948046875 0.6109467453125 0.5168831171875 0.566568046875 0.5168831171875 0.5162721890624999
1 0.7370129875 0.45857988125000004 0.74415584375 0.43343195312500005 0.7415584421875 0.4097633140625 0.6487012984375 0.2751479296875 0.614935065625 0.2603550296875 0.5870129875 0.3002958578125 0.5896103890625 0.3949704140625 0.60584415625 0.4497041421875 0.614935065625 0.45857988125000004 0.63181818125 0.4349112421875 0.6487012984375 0.437869821875 0.6610389609375 0.4571005921875 0.6668831171875 0.5 0.6883116890625 0.5014792906250001 0.6948051953125 0.46005917187499995 0.70584415625 0.437869821875 0.73181818125 0.437869821875 0.7370129875 0.45857988125000004
1 0.5824675328125 0.5384615390625 0.559740259375 0.5902366859375 0.559740259375 0.6434911249999999 0.5727272734375 0.687869821875 0.583766234375 0.7041420125 0.6129870125 0.7144970421875 0.6363636359375 0.6819526625 0.640259740625 0.5991124265625001 0.616233765625 0.532544378125 0.5824675328125 0.5384615390625
1 0.7331168828125 0.600591715625 0.7084415578125001 0.615384615625 0.696103896875 0.6582840234375 0.7012987015625 0.717455621875 0.7266233765625 0.7485207093749999 0.7571428578125 0.7529585796875 0.771428571875 0.7144970421875 0.771428571875 0.6819526625 0.7623376625 0.6434911249999999 0.7331168828125 0.600591715625
1 0.23441558437499999 0.6923076921875 0.22857142812500003 0.70857988125 0.23116883124999998 0.7470414203125 0.240909090625 0.7662721890624999 0.2545454546875 0.7647929 0.2636363640625 0.744082840625 0.2623376625 0.70857988125 0.2512987015625 0.6893491125 0.23441558437499999 0.6923076921875
1 0.1616883109375 0.683431953125 0.15064935 0.702662721875 0.14935065 0.7322485203125 0.1551948046875 0.7514792906250001 0.16753246718749998 0.755917159375 0.17532467499999999 0.7411242609375 0.1792207796875 0.70857988125 0.1733766234375 0.6893491125 0.1616883109375 0.683431953125
1 0.0428571421875 0.7115384609375 0.047402596875 0.7278106515625 0.05584415625 0.7263313609375001 0.0623376625 0.717455621875 0.06363636406249999 0.690828403125 0.0487012984375 0.6775147921875 0.0428571421875 0.7115384609375
1 0.28051948125 0.3535502953125 0.2876623375 0.372781065625 0.3012987015625 0.371301775 0.30649350625 0.32988165625 0.2876623375 0.3076923078125 0.28181818125 0.3210059171875 0.28051948125 0.3535502953125
0 0.2668831171875 0.0029585796875 0.246103896875 0.0443786984375 0.23051948125 0.059171596874999996 0.047402596875 0.0650887578125 0.0428571421875 0.0902366859375 0.0428571421875 0.1997041421875 0.08961038906249999 0.20266272187499998 0.28506493437499997 0.20118343125 0.28961038906250003 0.190828403125 0.28961038906250003 0.007396450000000001 0.2668831171875 0.0029585796875
0 0.8214285718750001 0.07988165625 0.8272727265625001 0.0636094671875 0.83116883125 0.007396450000000001 0.29415584375 0 0.290909090625 0.14053254375 0.296103896875 0.1642011828125 0.33051948124999997 0.100591715625 0.352597403125 0.0857988171875 0.8045454546874999 0.0917159765625 0.8214285718750001 0.07988165625
0 0.8428571421875001 0.1997041421875 0.9025974031249999 0.20857988125000002 0.9051948046874999 0.0044378703125 0.8824675328125 0 0.88051948125 0.13165680468750002 0.8428571421875001 0.1997041421875