0 0.22327207031250002 0.9218523 0.525579746875 0.9587957515625 0.5370862359374999 0.3399919703125 0.3728568859375 0.31228433906249997 0.37390287031249997 0.26056345625 0.1803841671875 0.242091646875 0.173061803125 0.89045020625 0.20653537812499997 0.89599173125 0.22327207031250002 0.9218523
0 0.5883425812499999 0.9347824156250001 0.901110665625 0.95140699375 0.9115711703124999 0.9384768796875 0.9408605234375 0.9273938265625 0.94543563125 0.277822040625 0.75675615 0.26425774999999996 0.747341725 0.33445044375 0.59775700625 0.34738064375 0.5883425812499999 0.9347824156250001
1 0.343428571875 0.6411290328125 0.3508571421875 0.6401209671875 0.355428571875 0.62197580625 0.343428571875 0.6129032265625 0.3382857140625 0.6320564515625 0.343428571875 0.6411290328125
1 0.3051428578125 0.5473790328125 0.3062857140625 0.5272177421875 0.29428571406250004 0.5262096781250001 0.292571428125 0.5413306453125 0.3051428578125 0.5473790328125
1 0.28114285781250004 0.664314515625 0.291428571875 0.6683467734375 0.296 0.6602822578125 0.29485714218750003 0.648185484375 0.28514285781250004 0.6431451609375001 0.28114285781250004 0.664314515625
1 0.44400000000000006 0.5947580640625 0.43771428593749995 0.601814515625 0.436571428125 0.6199596781250001 0.44800000000000006 0.6320564515625 0.45485714218749995 0.6260080640625 0.4571428578125 0.607862903125 0.45199999999999996 0.59677419375 0.44400000000000006 0.5947580640625
1 0.4491428578125 0.551411290625 0.45371428593749996 0.5332661296875 0.44171428593749995 0.5262096781250001 0.44000000000000006 0.5473790328125 0.4491428578125 0.551411290625
1 0.3737142859375 0.59375 0.3737142859375 0.6038306453125 0.3817142859375 0.6118951609375001 0.387428571875 0.6058467734375 0.387428571875 0.5957661296875 0.38 0.5866935484375 0.3737142859375 0.59375
1 0.39314285781249997 0.704637096875 0.404571428125 0.7147177421875 0.4102857140625 0.7066532265625 0.4102857140625 0.6945564515625 0.3982857140625 0.6854838703125 0.39314285781249997 0.704637096875
1 0.412571428125 0.7288306453125 0.41600000000000004 0.7147177421875 0.40857142812499997 0.7056451609375001 0.403428571875 0.7207661296875 0.412571428125 0.7288306453125
1 0.439428571875 0.7237903218749999 0.44571428593749995 0.7227822578125 0.451428571875 0.7127016125 0.448571428125 0.701612903125 0.43771428593749995 0.710685484375 0.439428571875 0.7237903218749999
1 0.3188571421875 0.7006048390624999 0.3177142859375 0.7127016125 0.320571428125 0.7237903218749999 0.32799999999999996 0.726814515625 0.33599999999999997 0.7147177421875 0.33599999999999997 0.7026209671875 0.3251428578125 0.6935483875 0.3188571421875 0.7006048390624999
1 0.320571428125 0.6975806453125 0.32 0.7227822578125 0.33599999999999997 0.7348790328125 0.34057142812499996 0.7288306453125 0.33599999999999997 0.7026209671875 0.32742857187499996 0.6935483875 0.320571428125 0.6975806453125
1 0.472 0.65625 0.47428571406250003 0.642137096875 0.46342857187500003 0.6370967734375 0.46285714218749996 0.6542338703125 0.472 0.65625
1 0.3337142859375 0.8618951609375 0.33714285781250003 0.8497983874999999 0.3308571421875 0.8447580640625001 0.3268571421875 0.851814515625 0.3337142859375 0.8618951609375
1 0.3737142859375 0.6582661296875 0.3748571421875 0.648185484375 0.3697142859375 0.645161290625 0.368 0.65625 0.3737142859375 0.6582661296875
1 0.4731428578125 0.4223790328125 0.47428571406250003 0.414314515625 0.4691428578125 0.411290321875 0.46742857187500003 0.420362903125 0.4731428578125 0.4223790328125
1 0.368 0.511088709375 0.3691428578125 0.50302419375 0.3651428578125 0.5020161296875 0.363428571875 0.50907258125 0.368 0.511088709375
1 0.49142857187500005 0.4163306453125 0.4862857140625 0.41330645156249995 0.4891428578125 0.4223790328125 0.49142857187500005 0.4163306453125
1 0.675428571875 0.5252016125 0.6777142859375 0.5131048390624999 0.6691428578124999 0.508064515625 0.6662857140625 0.523185484375 0.675428571875 0.5252016125
1 0.6502857140625 0.56552419375 0.652571428125 0.551411290625 0.644 0.548387096875 0.6422857140625 0.5614919359375 0.6502857140625 0.56552419375
1 0.6582857140625 0.6502016125 0.6617142859375 0.636088709375 0.6531428578125 0.6310483875 0.6491428578125 0.6441532265625 0.6582857140625 0.6502016125
1 0.6662857140625 0.67842741875 0.675428571875 0.69052419375 0.6811428578125 0.68447580625 0.6811428578125 0.6723790328125 0.6748571421875 0.6633064515625 0.6662857140625 0.67842741875
1 0.7422857140625 0.473790321875 0.7417142859375 0.49294354843750005 0.755428571875 0.511088709375 0.7588571421875 0.5070564515625 0.755428571875 0.4788306453125 0.751428571875 0.47177419374999996 0.7422857140625 0.473790321875
1 0.7748571421875 0.6098790328125 0.7862857140624999 0.6199596781250001 0.7931428578124999 0.6038306453125 0.788 0.59072580625 0.7811428578124999 0.59072580625 0.7748571421875 0.6098790328125
1 0.8331428578125 0.6441532265625 0.844571428125 0.6502016125 0.8491428578125 0.636088709375 0.839428571875 0.6229838703125 0.8331428578125 0.6320564515625 0.8331428578125 0.6441532265625
1 0.8640000000000001 0.6622983875 0.8674285718749999 0.648185484375 0.86 0.6411290328125 0.8548571421875 0.65625 0.8640000000000001 0.6622983875
1 0.740571428125 0.7147177421875 0.752 0.7207661296875 0.756571428125 0.698588709375 0.7457142859375 0.6915322578125 0.740571428125 0.698588709375 0.740571428125 0.7147177421875
1 0.8091428578125001 0.7570564515625 0.8114285718750001 0.7348790328125 0.800571428125 0.7338709671875 0.8 0.7550403218749999 0.8091428578125001 0.7570564515625
1 0.732571428125 0.6199596781250001 0.7348571421875 0.6098790328125 0.7297142859375 0.604838709375 0.7268571421875001 0.6179435484375 0.732571428125 0.6199596781250001
1 0.7011428578125 0.7379032265625 0.6948571421875 0.7429435484375 0.699428571875 0.7489919359375 0.7011428578125 0.7379032265625
1 0.632 0.6864919359375 0.6342857140625 0.67842741875 0.6291428578125 0.6774193546875 0.627428571875 0.68447580625 0.632 0.6864919359375