0 0.46569705156249996 0.496869921875 0.42649537656250003 0.5412889453124999 0.054076943749999995 0.55542225 0.0619175671875 0.9713462515625 0.9322000796875001 0.9753842875000001 0.9478806078125 0.5473460890624999 0.6029039953125 0.5291746578125001 0.5793828453125001 0.48273652343749995 0.94004034375 0.4746603625 0.95964118125 0.4423556265625 0.9478806078125 0.0486412765625 0.1019606640625 0.0464083890625 0.0815184046875 0.472641346875 0.43433564062499996 0.472641346875 0.46569705156249996 0.496869921875
1 0.8835294125 0.20338983124999999 0.8635294124999999 0.208837771875 0.8494117640625 0.23184019375 0.8647058828124999 0.240920096875 0.8964705875 0.24515738437499998 0.9270588234374999 0.23668280937500003 0.9294117640625 0.21610169531249998 0.9094117640625001 0.20581113750000002 0.8835294125 0.20338983124999999
1 0.77176470625 0.09987893437499999 0.7670588234375 0.1156174328125 0.7870588234375 0.1295399515625 0.8164705874999999 0.1337772390625 0.8447058828125 0.1216707015625 0.8494117640625 0.0974576265625 0.8035294125 0.0883777234375 0.77176470625 0.09987893437499999
1 0.5694117640624999 0.2766343828125 0.57176470625 0.25968522968749996 0.602352940625 0.23184019375 0.6164705875000001 0.206416465625 0.654117646875 0.18341404375 0.6964705875 0.1458837765625 0.6847058828125 0.1265133171875 0.6529411765625001 0.11622276093749999 0.6247058828125 0.1222760296875 0.5705882359375 0.1537530265625 0.49764705937500003 0.1719128328125 0.4670588234375 0.169491525 0.3988235296875 0.13922518125 0.365882353125 0.1368038734375 0.3435294125 0.1507263921875 0.32 0.1930992734375 0.322352940625 0.23184019375 0.30823529375000003 0.279055690625 0.3294117640625 0.31416464843749997 0.35882352968750003 0.3329297828125 0.445882353125 0.3571428578125 0.5164705875 0.361985471875 0.5352941171875 0.37046004843749997 0.5505882359375 0.369854721875 0.5694117640624999 0.3589588375 0.545882353125 0.33353510937499997 0.54823529375 0.303268765625 0.5694117640624999 0.2766343828125
1 0.222352940625 0.11985472187499999 0.2094117640625 0.12530266406249999 0.2047058828125 0.1374092015625 0.22000000000000003 0.1476997578125 0.23764705937500002 0.148305084375 0.24941176406249999 0.1458837765625 0.2611764703125 0.1337772390625 0.245882353125 0.121065375 0.222352940625 0.11985472187499999
1 0.2729411765625 0.20520581093749998 0.2964705875 0.208837771875 0.3035294125 0.19794188906250001 0.3011764703125 0.190677965625 0.2905882359375 0.1888619859375 0.2729411765625 0.20520581093749998
1 0.1964705875 0.23607748125 0.17176470625 0.242736078125 0.1694117640625 0.2536319609375 0.18823529375 0.27058111406249996 0.2094117640625 0.274213075 0.23294117656250002 0.260895884375 0.23294117656250002 0.2463680390625 0.22000000000000003 0.23849878906250002 0.1964705875 0.23607748125
1 0.14470588281250002 0.3426150125 0.1270588234375 0.35048426093749996 0.12470588281249999 0.36138014531249996 0.14235294062499998 0.3716707015625 0.1647058828125 0.37106537500000003 0.17882352968749998 0.363801453125 0.17882352968749998 0.35290556875 0.16823529375 0.3450363203125 0.14470588281250002 0.3426150125
1 0.73176470625 0.3686440671875 0.7411764703125 0.3686440671875 0.7552941171875001 0.36501210624999997 0.7470588234375 0.3535108953125 0.7270588234375001 0.36138014531249996 0.73176470625 0.3686440671875
1 0.9294117640625 0.2960048421875 0.9364705875 0.2863196125 0.9164705874999999 0.28450363125 0.9105882359375 0.29237288125 0.9294117640625 0.2960048421875
1 0.5670588234375 0.7378934625 0.522352940625 0.6906779656250001 0.445882353125 0.6428571421875 0.3870588234375 0.6234866828125 0.3188235296875 0.6222760296875001 0.21176470625000002 0.6628329296875 0.1647058828125 0.702784503125 0.157647059375 0.725786925 0.17176470625 0.76815980625 0.21176470625000002 0.8008474578125 0.2435294125 0.8147699765624999 0.325882353125 0.8280871671875 0.3352941171875 0.8414043578125 0.4070588234375 0.8432203390625 0.48588235312499994 0.8401937046875 0.522352940625 0.82869249375 0.5647058828125 0.7645278453125 0.5670588234375 0.7378934625
1 0.5835294125 0.8746973359375 0.5811764703125 0.8843825671875001 0.59176470625 0.8898305078125001 0.6047058828125 0.8892251812499999 0.6164705875000001 0.8855932203125001 0.6188235296875 0.87711864375 0.5964705875 0.8692493953125 0.5835294125 0.8746973359375
1 0.2388235296875 0.8462469734375 0.21411764687499998 0.8553268765625001 0.2070588234375 0.8734866828125 0.234117646875 0.8898305078125001 0.2635294125 0.8904358359375 0.2894117640625 0.8807506046875 0.2964705875 0.86501210625 0.2788235296875 0.849878934375 0.2388235296875 0.8462469734375
1 0.061176470312499995 0.6337772390625 0.061176470312499995 0.648305084375 0.0870588234375 0.654358353125 0.10823529375 0.6398305078125001 0.0952941171875 0.6295399515625 0.07647058749999999 0.62711864375 0.061176470312499995 0.6337772390625
1 0.9505882359375001 0.8492736078125 0.9505882359375001 0.8202179171875 0.9 0.8208232453125 0.8964705875 0.8468522999999999 0.9505882359375001 0.8492736078125
1 0.5905882359375 0.785108959375 0.5905882359375 0.7899515734375 0.602352940625 0.79237288125 0.614117646875 0.7838983046875 0.6105882359375 0.7615012109375 0.6 0.7657384984375 0.5905882359375 0.785108959375
1 0.094117646875 0.7693704593749999 0.10588235312500001 0.7621065375 0.08823529375 0.7566585953125 0.07764705937500001 0.7645278453125 0.094117646875 0.7693704593749999