0 0.22289156562499998 0.0685483875 0.134538153125 0.048387096875 0.064257028125 0.09072580625 0.0401606421875 0.1350806453125 0.036144578125 0.1875 0.052208835937499996 0.2318548390625 0.094377509375 0.27822580625 0.18473895625 0.2963709671875 0.22690763125000002 0.2822580640625 0.2690763046875 0.23588709687499998 0.27309236875 0.1229838703125 0.22289156562499998 0.0685483875
0 0.594377509375 0.09072580625 0.5522088359375 0.048387096875 0.4759036140625 0.04032258125 0.40160642500000004 0.0866935484375 0.377510040625 0.14717741875 0.377510040625 0.195564515625 0.393574296875 0.23991935468749997 0.435742971875 0.2822580640625 0.522088353125 0.292338709375 0.5682730921875 0.2741935484375 0.598393575 0.23991935468749997 0.61445783125 0.139112903125 0.594377509375 0.09072580625
0 0.935742971875 0.1068548390625 0.8895582328125 0.052419354687499996 0.8092369484375 0.04032258125 0.7690763046875 0.0604838703125 0.7188755015625 0.1270161296875 0.7188755015625 0.223790321875 0.77309236875 0.2822580640625 0.8554216875 0.2883064515625 0.91566265 0.2600806453125 0.9397590359375 0.223790321875 0.9518072296875 0.1552419359375 0.935742971875 0.1068548390625
0 0.919678715625 0.4375 0.877510040625 0.40322580625000004 0.77309236875 0.40322580625000004 0.7188755015625 0.46169354843750005 0.7188755015625 0.5584677421875 0.7690763046875 0.6129032265625 0.84337349375 0.6270161296875 0.91566265 0.59072580625 0.9397590359375 0.5504032265625 0.9437751000000001 0.485887096875 0.919678715625 0.4375
0 0.6345381531250001 0.473790321875 0.5562249 0.40322580625000004 0.4397590359375 0.40322580625000004 0.3975903609375 0.4415322578125 0.38554216874999997 0.473790321875 0.393574296875 0.5625 0.4397590359375 0.6129032265625 0.522088353125 0.6270161296875 0.592369478125 0.59677419375 0.6184738953125 0.5665322578125 0.6345381531250001 0.5383064515625 0.6345381531250001 0.473790321875
0 0.27309236875 0.44959677343750004 0.2389558234375 0.40322580625000004 0.1907630515625 0.375 0.150602409375 0.375 0.07228915625 0.41733870937499995 0.0401606421875 0.47782258125 0.0401606421875 0.5262096781250001 0.0823293171875 0.6008064515625 0.134538153125 0.625 0.18473895625 0.6229838703125 0.2309236953125 0.604838709375 0.27309236875 0.5584677421875 0.2811244984375 0.4899193546875 0.27309236875 0.44959677343750004
0 0.2710843375 0.770161290625 0.206827309375 0.729838709375 0.1305220890625 0.7258064515625 0.0562249 0.7802419359375 0.036144578125 0.8286290328125 0.0401606421875 0.8810483874999999 0.0903614453125 0.9475806453125 0.122489959375 0.963709678125 0.19277108437499998 0.9616935484375 0.2309236953125 0.9475806453125 0.28514056249999997 0.8971774187499999 0.2971887546875 0.8084677421875 0.2710843375 0.770161290625
0 0.598393575 0.77217741875 0.54417670625 0.7258064515625 0.44779116406249997 0.7258064515625 0.3975903609375 0.7681451609375001 0.3734939765625 0.820564515625 0.3734939765625 0.8689516125000001 0.393574296875 0.917338709375 0.4397590359375 0.9596774187499999 0.5261044171875 0.96572580625 0.594377509375 0.9213709671875 0.6184738953125 0.8608870968750001 0.61445783125 0.8084677421875 0.598393575 0.77217741875
0 0.41967871562500003 0.875 0.3975903609375 0.8568548390625 0.41767068281249997 0.848790321875 0.4377510046875 0.8004032265625 0.4317269078125 0.7862903218749999 0.41967871562500003 0.8024193546875 0.39558232968749996 0.7822580640625 0.3895582328125 0.8810483874999999 0.40160642500000004 0.8971774187499999 0.40361445781249994 0.883064515625 0.43373493906249994 0.8810483874999999 0.435742971875 0.866935484375 0.41967871562500003 0.875
0 0.8895582328125 0.7338709671875 0.7891566265625001 0.729838709375 0.722891565625 0.7963709671875 0.722891565625 0.8971774187499999 0.7811244984375 0.9596774187499999 0.879518071875 0.96572580625 0.9598393578125 0.9133064515625 0.9759036140624999 0.8689516125000001 0.9718875499999999 0.8125 0.8895582328125 0.7338709671875
1 0.201979425 0.1812045 0.201979425 0.16120204062500001 0.1962886828125 0.149772140625 0.1820618828125 0.146914584375 0.150762971875 0.1526295890625 0.14305432499999998 0.1686416375 0.1621443453125 0.20692196406250002 0.1820618828125 0.198349403125 0.201979425 0.1812045
1 0.46944328906250005 0.13834213281250002 0.4751339234375 0.1440571375 0.48936071875 0.146914584375 0.49789688749999994 0.1440571375 0.5064329437499999 0.13834213281250002 0.52065974375 0.124054678125 0.5235050609375 0.12119722968749999 0.5235050609375 0.10119477343750001 0.5060281484375 0.0793187375 0.4751339234375 0.092622321875 0.47228860624999996 0.106909778125 0.47228860624999996 0.1183396734375 0.46944328906250005 0.13834213281250002
1 0.5917937390625 0.16977449218750001 0.5917937390625 0.149772140625 0.5775669390625 0.14119958125 0.557649396875 0.13262712968749998 0.537731859375 0.13548468593750002 0.541613815625 0.161495803125 0.557649396875 0.184061946875 0.569030775 0.184061946875 0.5917937390625 0.16977449218750001
1 0.1962886828125 0.5441058828124999 0.2133609078125 0.5412483265625 0.22758770625000002 0.529818428125 0.2332783375 0.5183884187500001 0.23612376249999997 0.498385959375 0.2304330234375 0.47838361249999994 0.21051548125 0.472668609375 0.193443365625 0.47552605625 0.179216565625 0.4812410609375 0.171522859375 0.4937769875 0.167835084375 0.524103640625 0.1763711453125 0.53553343125 0.1962886828125 0.5441058828124999
1 0.5121236875 0.524103640625 0.5178143171875 0.5183884187500001 0.5178143171875 0.5098161859375 0.5092782609375 0.4869560609375 0.5007422046875 0.472668609375 0.4779793453125 0.4812410609375 0.46090712500000003 0.4898135078125 0.4526496421875 0.5080686531249999 0.4751339234375 0.532675875 0.49505146250000004 0.532675875 0.5121236875 0.524103640625
1 0.86779355 0.84414244375 0.8734844015625001 0.8355698828125 0.870639084375 0.8184249796874999 0.8535667515625001 0.8012800765625 0.845030803125 0.7898500687500001 0.8336493218750001 0.7898500687500001 0.8222678390624999 0.7898500687500001 0.8080410406249999 0.8069949718749999 0.7995050921875 0.8212824281250001 0.8085063328125001 0.83677691875 0.8336493218750001 0.8527150046875001 0.8421854859375 0.8527150046875001 0.86779355 0.84414244375
1 0.551958659375 0.8241400921875 0.551958659375 0.8069949718749999 0.551958659375 0.792707515625 0.5491133406250001 0.7869926203125 0.5320411171874999 0.7841350640625 0.5178143171875 0.7898500687500001 0.5007422046875 0.8069949718749999 0.4989110125 0.8224852546875001 0.5263504859375 0.84414244375 0.537731859375 0.8384275484374999 0.551958659375 0.8241400921875
1 0.11661116093749999 0.8577312625 0.11661116093749999 0.8463012546875 0.10807510468749999 0.8291563515625 0.088157565625 0.823441346875 0.0767760796875 0.834871571875 0.07108545 0.84915891875 0.0825586875 0.8653602453125 0.0938483046875 0.874876165625 0.110920421875 0.8720187171875 0.11661116093749999 0.8577312625
1 0.813724421875 0.47768497656250003 0.799497621875 0.46625496718750004 0.788116140625 0.460540071875 0.7800377984375 0.47233949218750004 0.799497621875 0.489114984375 0.8108788875 0.48625742812499995 0.813724421875 0.47768497656250003
1 0.773889340625 0.1547885125 0.788116140625 0.157645959375 0.8023429390624999 0.157645959375 0.8165697390625001 0.157645959375 0.8364871687500001 0.15193095625 0.8364871687500001 0.1490735078125 0.8307965375 0.1147835921875 0.805188253125 0.1119261453125 0.790961453125 0.120498596875 0.773889340625 0.1262136015625 0.7710440234375 0.1376435 0.773889340625 0.1547885125