0 0.77893738125 0.23411978281249998 0.25142315000000004 0.23411978281249998 0.224857684375 0.24137931093749998 0.214421253125 0.2640653359375 0.21252371874999998 0.3439201453125 0.2201138515625 0.8593466421875 0.23624288437500002 0.8711433749999999 0.272296015625 0.8729582578124999 0.8311195453125 0.8720508171875 0.8662239093749999 0.86932849375 0.8804554078125 0.84845735 0.8766603421875001 0.2441016328125 0.77893738125 0.23411978281249998
1 0.45256167031250005 0.2577132484375 0.4335863375 0.252268603125 0.393738140625 0.2631578953125 0.3681214421875 0.28402903749999997 0.3472485765625 0.3384754984375 0.349146109375 0.3747731390625 0.3776091078125 0.44373865625000003 0.399430740625 0.4609800359375 0.4307400375 0.46188747656249995 0.4686907015625 0.43647912812499995 0.47628083437499996 0.41470054375 0.4743833015625 0.289473684375 0.45256167031250005 0.2577132484375
1 0.30455407968750003 0.3303085296875 0.2836812140625 0.3212341203125 0.260910815625 0.3212341203125 0.22960151875 0.3421052625 0.22390891875 0.38566243125 0.2495256171875 0.42286751406249995 0.2808349140625 0.4292196 0.2988614796875 0.4246823953125 0.3263757109375 0.4001814875 0.3320683109375 0.371143375 0.30455407968750003 0.3303085296875
1 0.83965844375 0.4010889296875 0.857685009375 0.3820326671875 0.869070209375 0.34936479062500003 0.869070209375 0.3148820328125 0.8595825421875001 0.291288565625 0.8415559765625 0.27223230468750004 0.8130929796874999 0.26134301249999997 0.7713472484375 0.2631578953125 0.71252371875 0.2867513609375 0.6850094875 0.31125226875 0.645161290625 0.42740471874999997 0.6432637578125 0.4546279484375 0.6527514234375 0.47822141562500003 0.6688804546875 0.4936479125 0.711574953125 0.5 0.741935484375 0.48185117968749996 0.7533206828125001 0.4582577125 0.7846299812499999 0.4246823953125 0.83965844375 0.4010889296875
1 0.520872865625 0.32486388437499997 0.4971537 0.3421052625 0.487666034375 0.376588021875 0.509487665625 0.399274046875 0.5464895640625 0.407441015625 0.5692599625 0.38929219531250003 0.5749525609374999 0.34754990937499997 0.5531309296875 0.326678765625 0.520872865625 0.32486388437499997
1 0.30455407968750003 0.4519056265625 0.27703984843749996 0.47277676875 0.2713472484375 0.505444646875 0.27893738125 0.519963703125 0.2988614796875 0.5335753171875 0.335863378125 0.534482759375 0.364326375 0.5145190562499999 0.364326375 0.48185117968749996 0.3406072109375 0.45735027187500005 0.30455407968750003 0.4519056265625
1 0.35958254218749997 0.5480943734375 0.2988614796875 0.5444646093750001 0.258064515625 0.5689655171875 0.24857685 0.5943738656249999 0.24857685 0.6361161531249999 0.266603415625 0.6551724140624999 0.28462998125 0.6578947375 0.3444022765625 0.6406533578125 0.3719165078125 0.6125226859375 0.379506640625 0.5762250453125 0.35958254218749997 0.5480943734375
1 0.587286528125 0.47912885625 0.5626185953125 0.486388384375 0.5407969640625 0.5036297640625 0.53320683125 0.550816696875 0.556925996875 0.5771324859375 0.603415559375 0.5871143375 0.6261859578125 0.5707804000000001 0.6470588234375 0.5145190562499999 0.6290322578125 0.48820326718749996 0.587286528125 0.47912885625
1 0.4838709671875 0.666969146875 0.46015180312500004 0.646098003125 0.4203036046875 0.629764065625 0.38804554062499996 0.629764065625 0.35958254218749997 0.6406533578125 0.3415559765625 0.65970961875 0.3282732453125 0.696007259375 0.3282732453125 0.7286751359375 0.34535104375 0.7776769515625 0.3652751421875 0.789473684375 0.4743833015625 0.8012704171875 0.5075901328125 0.7931034484375 0.52751423125 0.7740471875 0.523719165625 0.745009075 0.4838709671875 0.666969146875
1 0.23814041718749998 0.43738657031250006 0.227703984375 0.4473684203125 0.227703984375 0.465517240625 0.24193548437499998 0.47731397500000006 0.2561669828125 0.47640653281249995 0.26944971562500003 0.46370235937500004 0.26944971562500003 0.449183303125 0.25711575 0.43738657031250006 0.23814041718749998 0.43738657031250006
1 0.8187855781250001 0.4392014515625 0.8036053125 0.441016334375 0.7751423156249999 0.4591651546875 0.7400379499999999 0.505444646875 0.7438330171875001 0.5526315796875 0.763757115625 0.5680580765625 0.7817836812500001 0.5689655171875 0.8007590140625 0.5562613437499999 0.8462998109375001 0.4745916515625 0.84250474375 0.4546279484375 0.8187855781250001 0.4392014515625
1 0.4829222015625 0.47731397500000006 0.45540797031249997 0.4981851171875 0.45351043593749996 0.5290381125 0.4715370015625 0.5535390203125 0.5009487671875 0.558076225 0.5199240984375 0.5453720515625 0.52751423125 0.5090744109374999 0.5056925999999999 0.47912885625 0.4829222015625 0.47731397500000006
1 0.7741935484375 0.6052631578125001 0.7163187859375 0.57894736875 0.6650853890625 0.5843920140625001 0.6119544593749999 0.602540834375 0.6015180265625 0.61433756875 0.6015180265625 0.6270417421875 0.633776090625 0.6705989109375 0.64895635625 0.710526315625 0.6840607203125 0.74047186875 0.7030360531250001 0.7495462796875 0.72106261875 0.7486388390625 0.7438330171875001 0.7341197828125 0.7647058828125 0.6978221421875 0.7779886140625 0.6470054453125 0.7741935484375 0.6052631578125001
1 0.8244781781249999 0.6787658796875 0.8045540796875 0.6923774953125 0.7988614796875 0.71778584375 0.8149905125 0.7368421046875 0.8368121437499999 0.7413793109375 0.8614800765625 0.7268602546875 0.8652751421874999 0.6996370234375 0.85104364375 0.68239564375 0.8244781781249999 0.6787658796875
1 0.635673625 0.7214156078125 0.600569259375 0.6896551718749999 0.539848196875 0.702359346875 0.5351043640625 0.7268602546875 0.5692599625 0.7921960078125 0.58538899375 0.8094373859375 0.6091081593750001 0.8121597093749999 0.627134725 0.8039927406249999 0.650853890625 0.77586206875 0.650853890625 0.752268603125 0.635673625 0.7214156078125
1 0.479127134375 0.56624319375 0.45351043593749996 0.5816696921875 0.44592030312500003 0.607078040625 0.45540797031249997 0.6324863890625 0.47533206874999995 0.6497277671874999 0.493358634375 0.652450090625 0.5199240984375 0.6324863890625 0.5256166984374999 0.5961887484374999 0.5113852 0.5753176046874999 0.479127134375 0.56624319375
1 0.575901328125 0.40290381093749994 0.5578747625 0.42196007187499995 0.5578747625 0.45099818437500006 0.5777988609375 0.4682395640625 0.603415559375 0.4691470046875 0.6261859578125 0.4455535390625 0.6261859578125 0.42377495468750004 0.60246679375 0.4010889296875 0.575901328125 0.40290381093749994
1 0.291271346875 0.24682395625 0.27703984843749996 0.2586206890625 0.275142315625 0.276769509375 0.28747628125 0.2921960078125 0.3074003796875 0.2931034484375 0.3225806453125 0.28221415625 0.324478178125 0.262250453125 0.31024667968749997 0.24682395625 0.291271346875 0.24682395625
1 0.6195445921875 0.2921960078125 0.6015180265625 0.303992740625 0.597722959375 0.325771325 0.6119544593749999 0.3430127046875 0.629981025 0.34754990937499997 0.650853890625 0.333030853125 0.6527514234375 0.30943738593750003 0.6442125234375 0.297640653125 0.6195445921875 0.2921960078125
1 0.5493358640625 0.602540834375 0.53320683125 0.6125226859375 0.5256166984374999 0.6361161531249999 0.5379506640625 0.6569872953125 0.5616698296875 0.6615245015625 0.5806451609375001 0.652450090625 0.58823529375 0.6270417421875 0.5740037953125 0.6061705984375 0.5493358640625 0.602540834375
1 0.27609108125000004 0.687840290625 0.25426945 0.7032667874999999 0.25237191718749996 0.7268602546875 0.2685009484375 0.745916515625 0.294117646875 0.7486388390625 0.3130929796875 0.739564428125 0.318785578125 0.7141560796875 0.3007590140625 0.6914700546875 0.27609108125000004 0.687840290625
1 0.7770398484375 0.7658802171875 0.7533206828125001 0.7794918328125 0.7495256171875 0.7958257718749999 0.7599620500000001 0.81125226875 0.785578746875 0.8157894734375001 0.8064516125000001 0.8067150640625 0.8102466796875 0.781306715625 0.7922201140625 0.7658802171875 0.7770398484375 0.7658802171875
1 0.3956356734375 0.4954627953125 0.3776091078125 0.5108892921875 0.375711575 0.534482759375 0.38804554062499996 0.54990925625 0.402277040625 0.5526315796875 0.4193548390625 0.5417422875 0.42504743906250003 0.5163339390624999 0.41461100625 0.499092559375 0.3956356734375 0.4954627953125
1 0.6100569265625 0.35208711406250004 0.59392789375 0.36388384687499997 0.5920303609374999 0.3820326671875 0.600569259375 0.3938294015625 0.6204933593749999 0.3965517234375 0.633776090625 0.38747731406249997 0.6375711578125001 0.3675136109375 0.6252371921875 0.353901996875 0.6100569265625 0.35208711406250004
1 0.8130929796874999 0.6333938296875 0.8007590140625 0.6542649734375 0.8074003796874999 0.66606170625 0.8216318781249999 0.6687840296875 0.8349146109375001 0.6615245015625 0.838709678125 0.6488203265625 0.8301707781250001 0.6352087109375 0.8130929796874999 0.6333938296875
1 0.7049335859375 0.8166969140625 0.6925996203125 0.8248638843749999 0.6888045546875 0.8448275859375001 0.697343453125 0.85662431875 0.7134724859375 0.8575317609375 0.7267552187499999 0.841197821875 0.7286527515625 0.8266787656249999 0.7182163187499999 0.8166969140625 0.7049335859375 0.8166969140625
1 0.36337760937499997 0.8039927406249999 0.349146109375 0.8139745921875001 0.34535104375 0.8357531765624999 0.36148007656250003 0.85662431875 0.381404175 0.8575317609375 0.39468690624999997 0.8430127046875 0.396584440625 0.8248638843749999 0.384250475 0.8058076218749999 0.36337760937499997 0.8039927406249999
1 0.5493358640625 0.2849364796875 0.5388994312500001 0.2931034484375 0.5388994312500001 0.31125226875 0.5512333968750001 0.3212341203125 0.5616698296875 0.320326678125 0.5711574953125 0.3148820328125 0.5749525609374999 0.2949183296875 0.5645161296875 0.2849364796875 0.5493358640625 0.2849364796875
1 0.5436432640625 0.81125226875 0.52751423125 0.8248638843749999 0.52751423125 0.8448275859375001 0.539848196875 0.85662431875 0.5559772296875 0.8593466421875 0.573055028125 0.84845735 0.5768500953125 0.8321234125 0.5664136625 0.8148820328124999 0.5436432640625 0.81125226875
1 0.5626185953125 0.237749546875 0.5502846296875 0.2495462796875 0.5502846296875 0.262250453125 0.556925996875 0.27223230468750004 0.5749525609374999 0.274954628125 0.58823529375 0.2640653359375 0.58823529375 0.2495462796875 0.575901328125 0.237749546875 0.5626185953125 0.237749546875
1 0.5189753328125 0.44827586249999996 0.506641365625 0.4600725953125 0.506641365625 0.4709618875 0.5189753328125 0.484573503125 0.5351043640625 0.48366606093750003 0.5464895640625 0.4745916515625 0.5464895640625 0.4600725953125 0.53605313125 0.44827586249999996 0.5189753328125 0.44827586249999996
1 0.24193548437499998 0.252268603125 0.23908918437499999 0.2713248640625 0.25996205 0.276769509375 0.2675521828125 0.26769509999999996 0.26565464843750003 0.254990925 0.25711575 0.2486388390625 0.24193548437499998 0.252268603125
1 0.22960151875 0.305807621875 0.2504743828125 0.3148820328125 0.25996205 0.2967332125 0.2495256171875 0.2867513609375 0.23814041718749998 0.2867513609375 0.22960151875 0.305807621875
1 0.697343453125 0.7713248640625 0.681214421875 0.781306715625 0.6793168875 0.8012704171875 0.6935483875 0.81306715 0.7039848203125 0.8121597093749999 0.7153700187500001 0.8049001812500001 0.7191650859375 0.7867513609375 0.7106261859375 0.7749546281249999 0.697343453125 0.7713248640625
1 0.681214421875 0.558076225 0.6982922203124999 0.5617059890625 0.705882353125 0.5453720515625 0.6992409859375 0.53720508125 0.6859582546875 0.53720508125 0.681214421875 0.558076225
1 0.28462998125 0.7722323046875 0.3017077796875 0.781306715625 0.3111954453125 0.7649727765625001 0.2950664140625 0.754990925 0.28462998125 0.7631578953125 0.28462998125 0.7722323046875
1 0.24288425 0.681488203125 0.25426945 0.665154265625 0.23624288437500002 0.6569872953125 0.227703984375 0.67241379375 0.24288425 0.681488203125
1 0.6223908921875 0.260435571875 0.6223908921875 0.2731397453125 0.630929790625 0.281306715625 0.6432637578125 0.2803992734375 0.6527514234375 0.2640653359375 0.6461100562500001 0.254083484375 0.630929790625 0.252268603125 0.6223908921875 0.260435571875
1 0.2561669828125 0.534482759375 0.26565464843750003 0.521778584375 0.25142315000000004 0.5099818515625001 0.23908918437499999 0.5254083484375001 0.2561669828125 0.534482759375
1 0.2561669828125 0.766787659375 0.25996205 0.752268603125 0.24573055 0.747731396875 0.24098671718750003 0.7631578953125 0.2561669828125 0.766787659375
1 0.3889943078125 0.5943738656249999 0.40417457343749996 0.60163339375 0.41555977187500004 0.5943738656249999 0.41555977187500004 0.5816696921875 0.3956356734375 0.5753176046874999 0.3889943078125 0.5943738656249999
1 0.327324478125 0.8602540828125 0.3377609109375 0.8593466421875 0.34535104375 0.8430127046875 0.32922201093750003 0.8330308531249999 0.318785578125 0.84845735 0.327324478125 0.8602540828125
1 0.451612903125 0.84664246875 0.4686907015625 0.8575317609375 0.4800759015625 0.839382940625 0.46394686875 0.8294010890625 0.45351043593749996 0.8357531765624999 0.451612903125 0.84664246875
1 0.6413662234374999 0.8575317609375 0.645161290625 0.8357531765624999 0.6252371921875 0.8330308531249999 0.6223908921875 0.8539019968750001 0.6413662234374999 0.8575317609375
1 0.8633776093750001 0.6107078046875001 0.867172675 0.592558984375 0.8472485765625001 0.5898366609375 0.84250474375 0.607078040625 0.8633776093750001 0.6107078046875001
1 0.736242884375 0.7704174234375001 0.7495256171875 0.77586206875 0.760910815625 0.7613430125 0.75426945 0.75317604375 0.74288425 0.75317604375 0.736242884375 0.7704174234375001
1 0.8206831125 0.86932849375 0.833017078125 0.8684210531250001 0.838709678125 0.8557168781250001 0.8244781781249999 0.8475499093750001 0.8159392796875 0.8629764062499999 0.8206831125 0.86932849375
1 0.4136622390625 0.8194192375 0.4193548390625 0.8049001812500001 0.4070208734375 0.8003629765625 0.40037950625 0.8157894734375001 0.4136622390625 0.8194192375
1 0.4345351046875 0.8647912890624999 0.43833017031250004 0.8539019968750001 0.42409867187500006 0.849364790625 0.4193548390625 0.861161525 0.4345351046875 0.8647912890624999
1 0.705882353125 0.27858439218750003 0.7172675515625 0.262250453125 0.7011385203125 0.252268603125 0.6907020875 0.26769509999999996 0.705882353125 0.27858439218750003
1 0.7438330171875001 0.260435571875 0.75142315 0.2441016328125 0.733396584375 0.237749546875 0.7267552187499999 0.254990925 0.7438330171875001 0.260435571875
1 0.5142314984375 0.43829401093750003 0.5180265656249999 0.4292196 0.509487665625 0.42286751406249995 0.5028463000000001 0.434664246875 0.5142314984375 0.43829401093750003
1 0.3529411765625 0.4455535390625 0.354838709375 0.43647912812499995 0.3444022765625 0.43194192343750004 0.3415559765625 0.4455535390625 0.3529411765625 0.4455535390625
1 0.6166982921875 0.679673321875 0.6204933593749999 0.666969146875 0.6081593921875 0.6624319421875 0.6015180265625 0.67241379375 0.6166982921875 0.679673321875
1 0.512333965625 0.30943738593750003 0.5161290328125 0.2967332125 0.5056925999999999 0.2921960078125 0.49905123281249997 0.30762250468749996 0.512333965625 0.30943738593750003
1 0.867172675 0.6778584390625 0.8709677421875 0.665154265625 0.8586337765625001 0.6624319421875 0.8557874765625 0.6760435578124999 0.867172675 0.6778584390625
1 0.451612903125 0.558076225 0.45540797031249997 0.549001815625 0.4449715375 0.5444646093750001 0.44022770468749994 0.5544464609374999 0.451612903125 0.558076225
1 0.6584440234375 0.5381125234375 0.6622390890625 0.52722323125 0.65180265625 0.5245009078125 0.64895635625 0.536297640625 0.6584440234375 0.5381125234375
1 0.6166982921875 0.289473684375 0.6204933593749999 0.274954628125 0.6043643265624999 0.27223230468750004 0.6015180265625 0.2858439203125 0.6166982921875 0.289473684375
1 0.6660341562500001 0.36388384687499997 0.6698292218749999 0.3529945546875 0.65749525625 0.3502722328125 0.65464895625 0.3602540828125 0.6660341562500001 0.36388384687499997