0 0.43439396406249997 0.9299635343749999 0.43439396406249997 0.779867509375 0.40640648281249997 0.0043713796875 0.003293759375 0.010416665625 0.001410415625 0.9633182703125 0.3701872734375 0.954979540625 0.43439396406249997 0.9299635343749999
1 0.21146245000000002 0.72 0.17391304375 0.7925 0.18181818125 0.8525 0.2233201578125 0.9 0.32806324062500003 0.9175000000000001 0.3913043484375 0.8574999999999999 0.375494071875 0.7675 0.294466403125 0.71 0.21146245000000002 0.72
1 0 0.7424999999999999 0.027667984375 0.7474999999999999 0.1561264828125 0.65 0.2470355734375 0.615 0.27272727343750003 0.5825 0.2529644265625 0.5075000000000001 0.20158102812499998 0.42750000000000005 0.21936758906249998 0.39 0.3221343875 0.37 0.33596837968750004 0.34750000000000003 0.3399209484375 0.21749999999999997 0.298418971875 0.13 0.2826086953125 0.12 0.20158102812499998 0.1925 0.2707509875 0.10500000000000001 0.235177865625 0.10500000000000001 0.144268775 0.16 0.1324110671875 0.185 0.120553359375 0.175 0.08893280625 0.195 0.047430829687499995 0.2425 0.0395256921875 0.3025 0 0.3325 0 0.7424999999999999
1 0.05533596875 0.0675 0.035573121875 0.1575 0.051383398437500005 0.1675 0.09486165937499999 0.12250000000000001 0.0988142296875 0.0875 0.0849802375 0.06999999999999999 0.05533596875 0.0675
1 0 0.1775 0.023715415625 0.1775 0.0454545453125 0.06 0 0.0625 0 0.1775
1 0.3320158109375 0.0675 0.355731225 0.0475 0.3379446640625 0.03 0.316205534375 0.0375 0.3320158109375 0.0675
1 0.379446640625 0.1125 0.37747035625 0.075 0.3478260875 0.08249999999999999 0.357707509375 0.11499999999999999 0.379446640625 0.1125
1 0.06521739062500001 0.045 0.0790513828125 0.042499999999999996 0.0790513828125 0.0325 0.0731225296875 0.025 0.06324110625 0.027500000000000004 0.06521739062500001 0.045
1 0.047430829687499995 0.0375 0.0454545453125 0.02 0.031620553125 0.0225 0.0335968375 0.04 0.047430829687499995 0.0375
1 0.387351778125 0.21749999999999997 0.3932806328125 0.225 0.4031620546875 0.2225 0.407114625 0.21749999999999997 0.407114625 0.20249999999999999 0.3893280625 0.2 0.387351778125 0.21749999999999997
1 0.383399209375 0.3175 0.383399209375 0.3275 0.3893280625 0.335 0.4031620546875 0.3325 0.407114625 0.3225 0.4011857703125 0.31 0.3893280625 0.31 0.383399209375 0.3175
1 0.27667984218749997 0.5425 0.27667984218749997 0.5575 0.28656126406250004 0.5700000000000001 0.30434782656250003 0.5675 0.31225296406249997 0.5625 0.31225296406249997 0.5325 0.2826086953125 0.53 0.27667984218749997 0.5425
1 0.24901185781250001 0.6425 0.24901185781250001 0.6575 0.25889328125 0.665 0.26877470312499996 0.6625 0.27272727343750003 0.6575 0.27272727343750003 0.6375 0.26284585 0.63 0.24901185781250001 0.6425
1 0.2964426875 0.6425 0.29249011875 0.6575 0.3023715421875 0.67 0.31225296406249997 0.6675 0.320158103125 0.6475 0.3142292484375 0.64 0.3023715421875 0.635 0.2964426875 0.6425
1 0.32806324062500003 0.6425 0.32806324062500003 0.6575 0.3339920953125 0.665 0.3478260875 0.6625 0.35177865625 0.6525000000000001 0.34980237187499996 0.64 0.3379446640625 0.635 0.32806324062500003 0.6425
1 0.35968379375000004 0.6125 0.3656126484375 0.62 0.379446640625 0.6174999999999999 0.37747035625 0.6 0.3656126484375 0.6 0.35968379375000004 0.6075 0.35968379375000004 0.6125
1 0.383399209375 0.5875 0.38537549375 0.6 0.4031620546875 0.5974999999999999 0.4031620546875 0.5875 0.3972332015625 0.58 0.3893280625 0.58 0.383399209375 0.5875
1 0.3675889328125 0.5625 0.3675889328125 0.5675 0.37351778593749996 0.575 0.387351778125 0.5725 0.3913043484375 0.5675 0.38142292499999997 0.5549999999999999 0.37351778593749996 0.5549999999999999 0.3675889328125 0.5625
1 0.357707509375 0.175 0.35177865625 0.1825 0.35177865625 0.1875 0.36166007968749997 0.2 0.3675889328125 0.1975 0.3715415015625 0.1925 0.3715415015625 0.1825 0.3656126484375 0.175 0.357707509375 0.175
1 0.3656126484375 0.01 0.35968379375000004 0.017499999999999998 0.35968379375000004 0.0325 0.3695652171875 0.04 0.3715415015625 0.0375 0.375494071875 0.0325 0.375494071875 0.017499999999999998 0.3695652171875 0.01 0.3656126484375 0.01
1 0.1581027671875 0.057499999999999996 0.1581027671875 0.0475 0.1521739125 0.045 0.15019762812499998 0.057499999999999996 0.1581027671875 0.057499999999999996
1 0.146245059375 0.9425000000000001 0.146245059375 0.9525 0.1521739125 0.96 0.17391304375 0.9574999999999999 0.1778656125 0.9475 0.16403162031250001 0.93 0.1561264828125 0.93 0.146245059375 0.9425000000000001
1 0.1264822140625 0.9225 0.1264822140625 0.8925000000000001 0.11264822187500001 0.875 0.1047430828125 0.875 0.10079051406249999 0.8699999999999999 0.057312253125000004 0.8699999999999999 0.051383398437500005 0.8775000000000001 0.051383398437500005 0.9175000000000001 0.05533596875 0.9225 0.05533596875 0.9324999999999999 0.06521739062500001 0.9400000000000001 0.0849802375 0.9400000000000001 0.08893280625 0.945 0.09486165937499999 0.9425000000000001 0.1047430828125 0.9400000000000001 0.10869565156250001 0.9349999999999999 0.11660079062499999 0.9349999999999999 0.1264822140625 0.9225
1 0.3675889328125 0.26749999999999996 0.37351778593749996 0.275 0.379446640625 0.2725 0.383399209375 0.26749999999999996 0.38142292499999997 0.26 0.3675889328125 0.2625 0.3675889328125 0.26749999999999996
1 0.3379446640625 0.5349999999999999 0.324110671875 0.5425 0.3399209484375 0.5525 0.3379446640625 0.5349999999999999
1 0.34737670781249996 0.714934259375 0.3411770984375 0.71325205 0.3425055890625 0.7250275 0.34737670781249996 0.7250275 0.34737670781249996 0.714934259375
1 0.317707071875 0.70035515 0.3075219921875 0.7082054296875 0.31637858125 0.715495009375 0.3225782296875 0.7121305953125 0.317707071875 0.70035515
1 0.3872314234375 0.667271734375 0.38236030468750004 0.6611036296874999 0.376316371875 0.669370275 0.38324594843750004 0.6784864546875 0.3890027546875 0.674561290625 0.3872314234375 0.667271734375
1 0.39121689375 0.5405454749999999 0.38236030468750004 0.5338166453125 0.378374834375 0.543909890625 0.384131596875 0.548956509375 0.39121689375 0.5405454749999999
1 0.39431671874999996 0.49063999062499997 0.3925453828125 0.49344366562499997 0.3978593875 0.4917614546875 0.3975796875 0.4852864453125 0.39431671874999996 0.47998600468749997 0.3872314234375 0.474939384375 0.3867885765625 0.4878363046875 0.39431671874999996 0.49063999062499997
1 0.4009020796875 0.11207539062500001 0.3929905609375 0.11752794531249999 0.39609034374999996 0.130424875 0.4049469765625 0.12930339531249999 0.4009020796875 0.11207539062500001
1 0.37830980625 0.49789492500000004 0.36907773125 0.501897759375 0.3748344984375 0.513673209375 0.3850196171875 0.509187315625 0.37830980625 0.49789492500000004