1 0.46333333281250005 0.3675 0.45 0.4025 0.41333333281250006 0.40125 0.4066666671875 0.46624999999999994 0.43222222187500003 0.515 0.46333333281250005 0.53 0.4888888890625 0.5287499999999999 0.5266666671875 0.49874999999999997 0.5377777781249999 0.44125 0.50555555625 0.3875 0.46333333281250005 0.3675
1 0.42555555624999997 0.35 0.41333333281250006 0.36375 0.41333333281250006 0.39125 0.427777778125 0.40499999999999997 0.44666666718750003 0.40374999999999994 0.462222221875 0.38375 0.45999999999999996 0.36375 0.44555555625 0.35 0.42555555624999997 0.35
1 0.3688888890625 0.39625 0.37555555625000003 0.37124999999999997 0.35444444375 0.365 0.34888888906250004 0.38875000000000004 0.3688888890625 0.39625
1 0.4733333328125 0.27125 0.48 0.25125000000000003 0.4588888890625 0.24500000000000002 0.45555555625000005 0.26625 0.4733333328125 0.27125
1 0.5588888890625 0.275 0.542222221875 0.29125 0.542222221875 0.31124999999999997 0.5588888890625 0.3275 0.5733333328125 0.32625000000000004 0.58444444375 0.31875 0.5888888890625 0.29625 0.5766666671875 0.27749999999999997 0.5588888890625 0.275
1 0.6611111109375 0.26 0.6311111109375 0.28625 0.6266666671875 0.31625000000000003 0.6433333328125 0.34750000000000003 0.67555555625 0.35625 0.7066666671874999 0.33125 0.7111111109375 0.29125 0.692222221875 0.2625 0.6611111109375 0.26
1 0.67555555625 0.37124999999999997 0.6733333328125 0.39125 0.69555555625 0.40625 0.7133333328125 0.39375 0.71555555625 0.38125 0.687777778125 0.36 0.67555555625 0.37124999999999997
1 0.73555555625 0.35125 0.74 0.34125 0.72555555625 0.335 0.722222221875 0.35125 0.73555555625 0.35125
1 0.737777778125 0.40374999999999994 0.74 0.38875000000000004 0.73 0.3875 0.7266666671875 0.40125 0.737777778125 0.40374999999999994
1 0.77 0.33999999999999997 0.742222221875 0.35875 0.742222221875 0.38125 0.7588888890625001 0.4 0.777777778125 0.39875 0.79555555625 0.38125 0.79555555625 0.35625 0.7855555562500001 0.34249999999999997 0.77 0.33999999999999997
1 0.79 0.27999999999999997 0.7711111109375001 0.29625 0.7688888890625 0.31625000000000003 0.7811111109375 0.335 0.8 0.33625 0.8177777781250001 0.32125 0.82 0.29874999999999996 0.807777778125 0.28250000000000003 0.79 0.27999999999999997
1 0.7466666671875 0.44375 0.7533333328125 0.42374999999999996 0.73 0.4225 0.7288888890624999 0.43875000000000003 0.7466666671875 0.44375
1 0.707777778125 0.49749999999999994 0.6933333328125 0.51375 0.6933333328125 0.5337500000000001 0.70555555625 0.5525 0.7266666671875 0.55125 0.742222221875 0.5337500000000001 0.742222221875 0.51375 0.7322222218750001 0.5 0.707777778125 0.49749999999999994
1 0.6977777781250001 0.63875 0.7 0.61625 0.72 0.5962500000000001 0.7244444437500001 0.55625 0.7 0.54875 0.6911111109375 0.52125 0.70444444375 0.49375 0.6788888890625 0.465 0.6433333328125 0.445 0.58555555625 0.43499999999999994 0.5633333328125001 0.445 0.5311111109375 0.49375 0.52 0.53125 0.52 0.59375 0.5377777781249999 0.6487499999999999 0.5611111109375 0.6775 0.5700000000000001 0.6799999999999999 0.58555555625 0.6625 0.577777778125 0.68625 0.60555555625 0.6925 0.6211111109375 0.6625 0.61555555625 0.6912499999999999 0.6266666671875 0.6912499999999999 0.6511111109375001 0.67875 0.652222221875 0.6599999999999999 0.66555555625 0.67 0.6977777781250001 0.63875
1 0.7988888890625 0.7125 0.782222221875 0.73125 0.78444444375 0.7537499999999999 0.8033333328125 0.77 0.82 0.76875 0.8333333328125001 0.75875 0.8355555562499999 0.73375 0.8188888890625 0.7125 0.7988888890625 0.7125
1 0.777777778125 0.69875 0.78444444375 0.67875 0.77 0.67 0.76 0.68875 0.777777778125 0.69875
1 0.5433333328125001 0.6599999999999999 0.56555555625 0.6825 0.5766666671875 0.675 0.5788888890624999 0.6900000000000001 0.5966666671875 0.6950000000000001 0.612222221875 0.6799999999999999 0.6166666671875001 0.6925 0.6455555562499999 0.6900000000000001 0.6566666671875 0.6625 0.6666666671875 0.67625 0.6666666671875 0.72875 0.6766666671875 0.74 0.7066666671874999 0.73625 0.7022222218749999 0.66625 0.7122222218750001 0.6625 0.7311111109375 0.73625 0.7755555562499999 0.73625 0.8044444437499999 0.68125 0.7977777781250001 0.63875 0.8066666671875 0.57625 0.7977777781250001 0.56375 0.8066666671875 0.55125 0.8111111109375001 0.35375 0.8055555562500001 0.3375 0.79 0.32999999999999996 0.7855555562500001 0.3375 0.777777778125 0.32625000000000004 0.79444444375 0.32999999999999996 0.8088888890625 0.32125 0.78 0.31124999999999997 0.782222221875 0.28375 0.8011111109375 0.28250000000000003 0.8088888890625 0.26125 0.79 0.225 0.75 0.2125 0.6611111109375 0.2125 0.647777778125 0.22749999999999998 0.6411111109375 0.2125 0.61444444375 0.2125 0.607777778125 0.2325 0.592222221875 0.2125 0.53 0.21000000000000002 0.5211111109375001 0.2425 0.49888888906249995 0.2125 0.47888888906249993 0.2125 0.48333333281249996 0.2575 0.47222222187499996 0.2375 0.45555555625000005 0.23374999999999999 0.45222222187499994 0.2125 0.4188888890625 0.2125 0.4188888890625 0.225 0.37444444374999997 0.22000000000000003 0.337777778125 0.23125 0.33999999999999997 0.30625 0.3333333328125 0.31375000000000003 0.36 0.33625 0.3311111109375 0.33625 0.337777778125 0.70375 0.3588888890625 0.705 0.36 0.7162499999999999 0.34888888906250004 0.7212500000000001 0.3588888890625 0.72 0.372222221875 0.7375 0.37666666718749997 0.705 0.39444444375 0.6950000000000001 0.4166666671875 0.6975 0.4311111109375 0.7162499999999999 0.4311111109375 0.73875 0.4533333328125 0.74125 0.4766666671875 0.74 0.48666666718749996 0.71375 0.5011111109375 0.7125 0.5433333328125001 0.6599999999999999
1 0.617777778125 0.36875 0.62 0.35625 0.607777778125 0.3525 0.6044444437500001 0.36625 0.617777778125 0.36875
1 0.382222221875 0.25625 0.3866666671875 0.24375 0.37666666718749997 0.24 0.3711111109375 0.25125000000000003 0.382222221875 0.25625
1 0.4311111109375 0.27625 0.43555555625000003 0.26625 0.42111111093750003 0.2625 0.42222222187499997 0.27625 0.4311111109375 0.27625
1 0.47555555624999996 0.30625 0.47222222187499996 0.2925 0.462222221875 0.29625 0.46555555625 0.3075 0.47555555624999996 0.30625
1 0.3933333328125 0.56375 0.397777778125 0.54875 0.3788888890625 0.5425 0.37555555625000003 0.5587500000000001 0.3933333328125 0.56375
1 0.36222222187500003 0.6487499999999999 0.3711111109375 0.63625 0.3566666671875 0.63 0.3533333328125 0.64375 0.36222222187500003 0.6487499999999999
1 0.36222222187500003 0.68875 0.36444444374999996 0.67125 0.35 0.6675 0.34444444375 0.6837500000000001 0.36222222187500003 0.68875
1 0.38 0.69375 0.3866666671875 0.6837500000000001 0.37444444374999997 0.6775 0.3688888890625 0.69375 0.38 0.69375
1 0.35444444375 0.74 0.3688888890625 0.73875 0.37555555625000003 0.71375 0.3588888890625 0.705 0.34444444375 0.72375 0.35444444375 0.74
1 0.38 0.61375 0.39 0.635 0.40222222187499995 0.63625 0.41555555625 0.62625 0.41555555625 0.60875 0.40555555625000006 0.5974999999999999 0.38 0.61375
1 0.36 0.59375 0.36444444374999996 0.58375 0.352222221875 0.58 0.34888888906250004 0.5912499999999999 0.36 0.59375
1 0.367777778125 0.545 0.357777778125 0.54875 0.3688888890625 0.55375 0.367777778125 0.545
1 0.35555555625 0.51625 0.352222221875 0.505 0.342222221875 0.50625 0.34555555625 0.5175 0.35555555625 0.51625
1 0.3611111109375 0.48250000000000004 0.3533333328125 0.49124999999999996 0.3688888890625 0.49625 0.3611111109375 0.48250000000000004
1 0.34888888906250004 0.36625 0.35111111093749997 0.35125 0.3411111109375 0.35 0.337777778125 0.36375 0.34888888906250004 0.36625
1 0.3866666671875 0.41624999999999995 0.3911111109375 0.40875000000000006 0.3811111109375 0.4025 0.37555555625000003 0.41125 0.3866666671875 0.41624999999999995
1 0.46666666718750005 0.61375 0.47555555624999996 0.59375 0.4588888890625 0.585 0.4511111109375 0.6012500000000001 0.46666666718750005 0.61375
1 0.48666666718749996 0.57625 0.4888888890625 0.56375 0.47888888906249993 0.5575 0.4711111109375 0.56875 0.48666666718749996 0.57625
1 0.45555555625000005 0.68625 0.45999999999999996 0.66625 0.44333333281250004 0.6599999999999999 0.44000000000000006 0.68125 0.45555555625000005 0.68625
1 0.47555555624999996 0.6537499999999999 0.4711111109375 0.67625 0.48111111093750003 0.6925 0.5 0.69375 0.5133333328125 0.68125 0.5133333328125 0.6587500000000001 0.487777778125 0.645 0.47555555624999996 0.6537499999999999
1 0.497777778125 0.63375 0.502222221875 0.60875 0.48333333281249996 0.605 0.477777778125 0.62625 0.497777778125 0.63375
1 0.777777778125 0.60625 0.7888888890625 0.58875 0.772222221875 0.5775 0.762222221875 0.59375 0.777777778125 0.60625
1 0.717777778125 0.25125000000000003 0.72 0.24125000000000002 0.71 0.23500000000000001 0.70444444375 0.24874999999999997 0.717777778125 0.25125000000000003
1 0.63555555625 0.25125000000000003 0.637777778125 0.23875000000000002 0.6255555562499999 0.2375 0.6244444437500001 0.25125000000000003 0.63555555625 0.25125000000000003
1 0.5166666671875 0.2375 0.5088888890625001 0.24375 0.52 0.24874999999999997 0.5166666671875 0.2375
1 0.71555555625 0.44375 0.72 0.43375 0.71 0.42750000000000005 0.7066666671874999 0.44125 0.71555555625 0.44375
1 0.6677777781249999 0.41 0.66444444375 0.41875 0.6733333328125 0.42125 0.6677777781249999 0.41
1 0.5466666671875 0.42125 0.5511111109375 0.41375 0.5433333328125001 0.40750000000000003 0.5377777781249999 0.41875 0.5466666671875 0.42125
0 0.7999760140625 0.22068805781249998 0.329219371875 0.2253175953125 0.35322857343749997 0.7388626453125 0.8154403734375 0.7175941703125 0.7999760140625 0.22068805781249998