0 0.24198155625 0.8676554421875 0.26543773437499996 0.8737643531250001 0.7373216515625 0.8676554421875 0.7318026265625 0.1630939296875 0.2553484734375 0.150590146875 0.24336137343750003 0.1712392046875 0.2461208875 0.23029198750000002 0.24198155625 0.8676554421875
1 0.363043478125 0.18589743593750002 0.28913043437499997 0.1794871796875 0.2695652171875 0.20833333281250002 0.265217390625 0.27243589687499997 0.2913043484375 0.35576923125 0.42173912968750005 0.4134615390625 0.4478260875 0.3878205125 0.4478260875 0.3301282046875 0.3913043484375 0.259615384375 0.363043478125 0.18589743593750002
1 0.40434782656249996 0.21474358906250002 0.40869565156250004 0.259615384375 0.436956521875 0.3012820515625 0.48260869531250006 0.31089743593749997 0.5043478265625 0.278846153125 0.489130434375 0.2371794875 0.4413043484375 0.19871794843749999 0.40434782656249996 0.21474358906250002
1 0.539130434375 0.1826923078125 0.5195652171875 0.1730769234375 0.5304347828125 0.20192307656250003 0.539130434375 0.1826923078125
1 0.5695652171875001 0.24679487187500002 0.5782608703125 0.21474358906250002 0.5586956515625 0.20512820468749998 0.5521739125 0.23397435937500002 0.5695652171875001 0.24679487187500002
1 0.6173913046874999 0.24679487187500002 0.634782609375 0.1955128203125 0.6021739125 0.1730769234375 0.586956521875 0.221153846875 0.6173913046874999 0.24679487187500002
1 0.6673913046875 0.3012820515625 0.6826086953125 0.2980769234375 0.6913043484375 0.24679487187500002 0.67608695625 0.23076923124999998 0.6521739125 0.259615384375 0.6673913046875 0.3012820515625
1 0.5717391296875001 0.26923076875 0.52608695625 0.278846153125 0.5086956515625001 0.36858974375 0.52608695625 0.44551282031249995 0.5521739125 0.4583333328125 0.634782609375 0.375 0.6434782609374999 0.3365384609375 0.6282608703125 0.3012820515625 0.5717391296875001 0.26923076875
1 0.6826086953125 0.375 0.686956521875 0.3429487171875 0.6673913046875 0.3333333328125 0.660869565625 0.36858974375 0.6826086953125 0.375
1 0.7217391296875 0.3621794875 0.7195652171875 0.3269230765625 0.6913043484375 0.3365384609375 0.7021739124999999 0.365384615625 0.7217391296875 0.3621794875
1 0.434782609375 0.44551282031249995 0.434782609375 0.490384615625 0.45869565156250003 0.5320512828124999 0.486956521875 0.5352564109375 0.5043478265625 0.522435896875 0.5173913046874999 0.4519230765625 0.45869565156250003 0.4102564109375 0.434782609375 0.44551282031249995
1 0.3173913046875 0.4647435890625 0.3304347828125 0.41987179531249996 0.3021739125 0.40384615312500005 0.2913043484375 0.44551282031249995 0.3173913046875 0.4647435890625
1 0.336956521875 0.5833333328125 0.360869565625 0.5801282046875 0.3782608703125 0.516025640625 0.336956521875 0.4871794875 0.313043478125 0.5480769234375 0.336956521875 0.5833333328125
1 0.360869565625 0.47115384687499995 0.3695652171875 0.43269230781249995 0.3456521734375 0.4230769234375 0.33478260937500004 0.4519230765625 0.360869565625 0.47115384687499995
1 0.410869565625 0.525641025 0.40869565156250004 0.5544871796875 0.41956521718750006 0.5641025640625 0.43043478281249997 0.5608974359375 0.439130434375 0.5480769234375 0.439130434375 0.5352564109375 0.4282608703125 0.51923076875 0.410869565625 0.525641025
1 0.484782609375 0.346153846875 0.47391304375 0.3621794875 0.48043478281249996 0.37820512812499996 0.4956521734375 0.375 0.5 0.36858974375 0.5 0.35576923125 0.49347826093749997 0.346153846875 0.484782609375 0.346153846875
1 0.2826086953125 0.5032051281250001 0.2826086953125 0.516025640625 0.2934782609375 0.5320512828124999 0.3086956515625 0.528846153125 0.313043478125 0.5032051281250001 0.3021739125 0.4871794875 0.2934782609375 0.4871794875 0.2826086953125 0.5032051281250001
1 0.25 0.474358975 0.24782608750000001 0.509615384375 0.2543478265625 0.51923076875 0.27391304375000003 0.516025640625 0.2782608703125 0.509615384375 0.2782608703125 0.483974359375 0.27173912968749997 0.474358975 0.25 0.474358975
1 0.2673913046875 0.40384615312500005 0.2565217390625 0.41987179531249996 0.2565217390625 0.4262820515625 0.2673913046875 0.44230769218750005 0.27391304375000003 0.43910256406250003 0.2826086953125 0.4262820515625 0.2826086953125 0.4134615390625 0.27608695625 0.40384615312500005 0.2673913046875 0.40384615312500005
1 0.6826086953125 0.6314102562499999 0.6826086953125 0.5929487171875001 0.6782608703124999 0.5865384609375 0.6782608703124999 0.5673076921875 0.6673913046875 0.5448717953125 0.6586956515625 0.5448717953125 0.6543478265625 0.5384615390625 0.636956521875 0.5448717953125 0.6065217390625001 0.5705128203125 0.5978260875 0.5705128203125 0.5804347828124999 0.5833333328125 0.5565217390625 0.625 0.5521739125 0.6378205125 0.5521739125 0.6570512828124999 0.5478260875000001 0.6634615390625 0.5521739125 0.7083333328125 0.5717391296875001 0.7435897437500001 0.5934782609375 0.7564102562499999 0.639130434375 0.7532051281250001 0.6586956515625 0.7435897437500001 0.67391304375 0.721153846875 0.67391304375 0.6634615390625 0.6826086953125 0.6314102562499999
1 0.5586956515625 0.474358975 0.5456521734375 0.474358975 0.536956521875 0.48076923125000004 0.52608695625 0.5032051281250001 0.5304347828125 0.528846153125 0.55 0.5448717953125 0.5521739125 0.5416666671875 0.563043478125 0.5384615390625 0.57391304375 0.522435896875 0.57391304375 0.490384615625 0.5586956515625 0.474358975
1 0.565217390625 0.5673076921875 0.5456521734375 0.5448717953125 0.5195652171875 0.5448717953125 0.510869565625 0.5512820515625 0.5 0.5801282046875 0.5043478265625 0.6121794875 0.5195652171875 0.6282051281250001 0.5434782609375 0.625 0.55 0.6217948718749999 0.560869565625 0.60576923125 0.565217390625 0.5929487171875001 0.565217390625 0.5673076921875
1 0.560869565625 0.7467948718749999 0.5326086953125 0.7051282046875 0.52391304375 0.6987179484375 0.5021739125 0.7051282046875 0.48260869531250006 0.740384615625 0.48260869531250006 0.7852564109375 0.486956521875 0.7916666671875 0.4913043484375 0.8173076921875 0.5152173906249999 0.846153846875 0.5565217390625 0.8429487171875 0.5695652171875001 0.8237179484375 0.5695652171875001 0.7852564109375 0.565217390625 0.778846153125 0.560869565625 0.7467948718749999
1 0.610869565625 0.76923076875 0.6021739125 0.775641025 0.5956521734375 0.7852564109375 0.5956521734375 0.8237179484375 0.6065217390625001 0.8397435890624999 0.6304347828125 0.8365384609375001 0.639130434375 0.8237179484375 0.639130434375 0.778846153125 0.6282608703125 0.76923076875 0.610869565625 0.76923076875
1 0.7021739124999999 0.6858974359375 0.6934782609375 0.6858974359375 0.6826086953125 0.7019230765625 0.6826086953125 0.721153846875 0.6934782609375 0.7371794875 0.7173913046875 0.733974359375 0.72608695625 0.721153846875 0.72391304375 0.6923076921875 0.7065217390625 0.6794871796875 0.7021739124999999 0.6858974359375
1 0.41739130468749996 0.6891025640625 0.42173912968750005 0.6762820515625 0.42173912968750005 0.6378205125 0.40652173906250005 0.608974359375 0.389130434375 0.596153846875 0.284782609375 0.596153846875 0.260869565625 0.625 0.2565217390625 0.6378205125 0.260869565625 0.6698717953125 0.2695652171875 0.6955128203125 0.284782609375 0.7179487171875001 0.315217390625 0.7371794875 0.3565217390625 0.733974359375 0.3804347828125 0.724358975 0.38478260937500003 0.7179487171875001 0.3934782609375 0.7179487171875001 0.41739130468749996 0.6891025640625
1 0.45434782656249995 0.653846153125 0.4478260875 0.6634615390625 0.45 0.6987179484375 0.45869565156250003 0.7051282046875 0.48260869531250006 0.7019230765625 0.4913043484375 0.6891025640625 0.4913043484375 0.6698717953125 0.48043478281249996 0.653846153125 0.45434782656249995 0.653846153125
1 0.27173912968749997 0.7564102562499999 0.2521739125 0.778846153125 0.2521739125 0.7980769234375 0.25869565156249996 0.8141025640624999 0.286956521875 0.8108974359375001 0.2913043484375 0.8044871796875 0.2913043484375 0.772435896875 0.284782609375 0.7628205125 0.27173912968749997 0.7564102562499999
1 0.2565217390625 0.8301282046875 0.2565217390625 0.849358975 0.263043478125 0.8589743593750001 0.2695652171875 0.85576923125 0.2782608703125 0.849358975 0.2782608703125 0.8301282046875 0.2673913046875 0.8205128203125 0.2565217390625 0.8301282046875
1 0.286956521875 0.8365384609375001 0.286956521875 0.8621794875000001 0.30434782656250003 0.8621794875000001 0.3086956515625 0.85576923125 0.3086956515625 0.8429487171875 0.2934782609375 0.8269230765625 0.286956521875 0.8365384609375001
1 0.40652173906250005 0.8205128203125 0.4 0.8365384609375001 0.4 0.85576923125 0.410869565625 0.8717948718749999 0.42173912968750005 0.86858974375 0.43043478281249997 0.8621794875000001 0.434782609375 0.8365384609375001 0.42391304375 0.8205128203125 0.40652173906250005 0.8205128203125
1 0.3956521734375 0.7916666671875 0.3717391296875 0.7564102562499999 0.3543478265625 0.75 0.35 0.7564102562499999 0.3326086953125 0.7628205125 0.313043478125 0.7916666671875 0.313043478125 0.8365384609375001 0.3326086953125 0.8717948718749999 0.36521739062499997 0.86858974375 0.3804347828125 0.8589743593750001 0.3913043484375 0.8429487171875 0.3956521734375 0.8301282046875 0.3956521734375 0.7916666671875
1 0.45869565156250003 0.852564103125 0.4782608703125 0.849358975 0.4782608703125 0.8365384609375001 0.47173912968750004 0.8269230765625 0.45652173906250004 0.8301282046875 0.45869565156250003 0.852564103125
1 0.6913043484375 0.47115384687499995 0.6913043484375 0.4519230765625 0.6826086953125 0.4262820515625 0.6586956515625 0.40384615312500005 0.62391304375 0.4166666671875 0.6065217390625001 0.44230769218750005 0.6021739125 0.44230769218750005 0.5956521734375 0.4583333328125 0.5956521734375 0.496794871875 0.6 0.5032051281250001 0.6 0.516025640625 0.610869565625 0.5320512828124999 0.634782609375 0.528846153125 0.6586956515625 0.5128205125 0.6673913046875 0.5 0.6804347828124999 0.49358974375000003 0.6913043484375 0.47115384687499995
1 0.6978260875 0.4871794875 0.686956521875 0.5032051281250001 0.686956521875 0.528846153125 0.6978260875 0.5448717953125 0.7173913046875 0.5416666671875 0.72608695625 0.528846153125 0.72608695625 0.5032051281250001 0.715217390625 0.4871794875 0.6978260875 0.4871794875
1 0.7065217390625 0.4102564109375 0.7043478265625 0.43269230781249995 0.710869565625 0.44230769218750005 0.7217391296875 0.43910256406250003 0.72608695625 0.43269230781249995 0.72608695625 0.41987179531249996 0.7195652171875 0.4102564109375 0.7065217390625 0.4102564109375
1 0.3898882875 0.4320901984375 0.37414132968749997 0.4719296671875 0.40206346562500006 0.5015455390625 0.422132009375 0.495169353125 0.420632321875 0.45643657031249996 0.4168830703125 0.43873010937499995 0.3898882875 0.4320901984375
1 0.25903702968750003 0.3181642890625 0.2621280953125 0.3010623203125 0.2487071 0.3010623203125 0.247522890625 0.319121609375 0.25903702968750003 0.3181642890625
1 0.27206785624999996 0.35571524375 0.27397014375 0.3424239484375 0.260943890625 0.331937903125 0.2593649390625 0.35057974375 0.27206785624999996 0.35571524375
1 0.2868756125 0.44129649375 0.271601734375 0.4379634546875 0.27081223906249996 0.4589355390625 0.2810753703125 0.4601006671875 0.2868756125 0.44129649375
1 0.28865254375 0.5556959109374999 0.2897595125 0.5692414109375 0.29923314843750004 0.5715716343749999 0.30002264375 0.5581728203125 0.28865254375 0.5556959109374999
1 0.3827593046875 0.5535123468750001 0.39854870937500003 0.5651635125000001 0.3970453296875 0.54259674375 0.3827593046875 0.5535123468750001
1 0.4881535125 0.5546774671875 0.477890421875 0.545939096875 0.4577589390625 0.544773975 0.44181099531249995 0.5505273015625 0.4321011875 0.5605030390625 0.431311690625 0.592543725 0.44512743906249996 0.6135158140625 0.4771009609375 0.6123507171875 0.4857851046875 0.596621646875 0.4881535125 0.5546774671875
1 0.52131124375 0.6769475703125 0.5214304953125 0.660489275 0.5063113296874999 0.6606359296875 0.5051271265625 0.676365 0.5153902218749999 0.682773146875 0.52131124375 0.6769475703125
1 0.415522321875 0.788216140625 0.44039061718749994 0.8167614999999999 0.46210101249999996 0.80918823125 0.468022034375 0.7981196671874999 0.47157464843749997 0.7433591921875 0.46160715625000004 0.718125621875 0.44749584843749995 0.7107359296875 0.4285485734375 0.722969646875 0.411969709375 0.7468545390625 0.415522321875 0.788216140625
1 0.39467609062500003 0.7259851281249999 0.3953912609375 0.7436107562500001 0.4060491 0.7476886859375 0.40683855625 0.73079449375 0.39467609062500003 0.7259851281249999
1 0.5800692171875 0.8316517687499999 0.5671009296875 0.8443933328125001 0.5757850734375001 0.8589572499999999 0.585258709375 0.849636359375 0.5800692171875 0.8316517687499999
1 0.5427536703125 0.849990603125 0.548548365625 0.8694432953125 0.55960095625 0.860122403125 0.5552588828125 0.8542968078125 0.5427536703125 0.849990603125
1 0.6510359390625 0.8240037687499999 0.6404848703125 0.8229189874999999 0.6395886390625 0.849636359375 0.6577464562500001 0.844975859375 0.6510359390625 0.8240037687499999
1 0.660904321875 0.7896328593749999 0.6593253703124999 0.7721561218749999 0.6440387296875 0.7713955828125 0.6431412515625 0.8007014546875 0.6541938390625 0.8030316796875001 0.660904321875 0.7896328593749999
1 0.7224829609375 0.737202640625 0.7050466906249999 0.7329713531250001 0.7047198906250001 0.757592153125 0.7149829875 0.7640003015625 0.7220882125 0.75584448125 0.7224829609375 0.737202640625
1 0.6948515093750001 0.660660525 0.6893252296875 0.65541750625 0.6783927296875001 0.6535030515625 0.6739305734375 0.67813726875 0.6928778484375 0.6775547171875 0.6948515093750001 0.660660525
1 0.7169566875 0.601239609375 0.7127467265625 0.5836408078125 0.6987988703125 0.5925012374999999 0.7027462296875 0.6140559031249999 0.7185355999999999 0.6117256531249999 0.7169566875 0.601239609375
1 0.71452365625 0.6360374875 0.714588278125 0.65541750625 0.7260355734374999 0.6548349546875001 0.7260355734374999 0.6402710125 0.71452365625 0.6360374875
1 0.5741461125 0.43605682031250004 0.5716942265625 0.4519012375 0.5855099734375 0.45306636562499997 0.5827468171875 0.435589621875 0.5741461125 0.43605682031250004
1 0.6585359125 0.30142125625 0.6464079734375 0.2832331734375 0.64077284375 0.2932654296875 0.643930709375 0.315402646875 0.6585359125 0.313654975 0.6585359125 0.30142125625
1 0.7180775171875 0.20027175625 0.7137987828125001 0.21287242343749999 0.7185355999999999 0.2291840390625 0.7335355515625 0.212289871875 0.7180775171875 0.20027175625
1 0.5694076296875 0.1670871921875 0.5712887 0.18316196093749998 0.5823412515624999 0.1790840640625 0.5823412515624999 0.1639375453125 0.5694076296875 0.1670871921875
1 0.47987572968750003 0.39113521093750003 0.462199465625 0.386279975 0.4680336828125 0.4033689296875 0.47987572968750003 0.402203775 0.47987572968750003 0.39113521093750003
1 0.2546081515625 0.21195665312499998 0.2546081515625 0.1845764234375 0.2448215828125 0.188045865625 0.24710817812500002 0.204383396875 0.2486871296875 0.2224426984375 0.2546081515625 0.21195665312499998
1 0.273252478125 0.5251311796875 0.2703975609375 0.5412573843749999 0.2810554 0.5441701796875 0.2810554 0.5301887890625 0.273252478125 0.5251311796875
1 0.49461526562499997 0.8661570578125 0.49303634843750005 0.8504279875 0.47937646562499997 0.8508638843749999 0.48040480937499996 0.8556710125 0.4871153265625 0.8702349546875 0.49461526562499997 0.8661570578125
1 0.277511109375 0.851593115625 0.2673293734375 0.8508638843749999 0.2664585171875 0.8708175328125 0.2771163609375 0.8702349546875 0.277511109375 0.851593115625
1 0.34287736562500004 0.370113896875 0.3395912296875 0.3766739171875 0.3310353171875 0.38059994218750004 0.3330089828125 0.3980766859375 0.3444563171875 0.3992418078125 0.34287736562500004 0.370113896875