0 0.8977078546874999 0.1141946140625 0.112032403125 0.10559253906249999 0.1056099890625 0.9034380499999999 0.8912854421875 0.8905348859375 0.8977078546874999 0.1141946140625
1 0.777385159375 0.6294326234375001 0.7579505296875 0.609929078125 0.6095406359375 0.6134751765625001 0.6042402828125 0.7748226953125 0.64134275625 0.794326240625 0.7314487625 0.7996453906250001 0.7650176671875 0.7907801421875 0.7915194343749999 0.75 0.7950530031249999 0.6755319156249999 0.777385159375 0.6294326234375001
1 0.729681978125 0.46808510625000005 0.7031802125 0.49113475156249997 0.7031802125 0.5407801421875 0.722614840625 0.5602836875 0.7561837453125 0.5620567375000001 0.7950530031249999 0.5372340421875 0.798586571875 0.5017730499999999 0.7650176671875 0.46808510625000005 0.729681978125 0.46808510625000005
1 0.8798586578125001 0.6507092203125 0.8833922265625 0.6187943265625 0.856890459375 0.6134751765625001 0.85159010625 0.6507092203125 0.8798586578125001 0.6507092203125
1 0.8798586578125001 0.7748226953125 0.8833922265625 0.7393617015625 0.856890459375 0.734042553125 0.85159010625 0.7712765953125 0.8798586578125001 0.7748226953125
1 0.632508834375 0.888297871875 0.639575971875 0.8670212765624999 0.6166077734375001 0.861702128125 0.6077738515625 0.8847517734375 0.632508834375 0.888297871875
1 0.3992932859375 0.891843971875 0.3992932859375 0.8634751765625 0.37279151875 0.858156028125 0.360424028125 0.891843971875 0.3992932859375 0.891843971875
1 0.23498233281249997 0.7163120562499999 0.215547703125 0.7393617015625 0.215547703125 0.7748226953125 0.2314487625 0.797872340625 0.27208480625 0.7996453906250001 0.3038869265625 0.78191489375 0.30742049531250004 0.7429078015624999 0.27738515937499997 0.7127659578125 0.23498233281249997 0.7163120562499999
1 0.356890459375 0.767730496875 0.3922261484375 0.77836879375 0.4063604234375 0.75 0.3869257953125 0.734042553125 0.3621908125 0.737588653125 0.356890459375 0.767730496875
1 0.4805653703125 0.764184396875 0.512367490625 0.77836879375 0.5265017671875001 0.767730496875 0.5229681984375001 0.7429078015624999 0.485865725 0.737588653125 0.4805653703125 0.764184396875
1 0.4664310953125 0.6152482265625 0.4664310953125 0.65425531875 0.485865725 0.6773049640625 0.5194346296875 0.6755319156249999 0.5441696109375 0.6294326234375001 0.5247349828125001 0.59574468125 0.49646643125 0.59219858125 0.4664310953125 0.6152482265625
1 0.1519434625 0.65425531875 0.1519434625 0.6187943265625 0.12190812656250001 0.6170212765625 0.11660777343749999 0.6471631203125 0.1519434625 0.65425531875
1 0.27208480625 0.6507092203125 0.27208480625 0.6187943265625 0.2491166078125 0.6170212765625 0.2438162546875 0.6507092203125 0.27208480625 0.6507092203125
1 0.2491166078125 0.47163120625 0.222614840625 0.4946808515625 0.219081271875 0.5230496453125 0.23498233281249997 0.546099290625 0.2614840984375 0.547872340625 0.28975265 0.5336879437500001 0.29328621875 0.49822695 0.28091872812499996 0.47872340468749996 0.2491166078125 0.47163120625
1 0.355123675 0.450354609375 0.3215547703125 0.484042553125 0.3180212015625 0.5265957453125 0.34452296875 0.5602836875 0.3886925796875 0.5620567375000001 0.42402826875 0.5407801421875 0.4275618375 0.48049645312499994 0.4045936390625 0.45390070937500004 0.355123675 0.450354609375
1 0.505300353125 0.53014184375 0.515901059375 0.49822695 0.49646643125 0.4893617015625 0.48409894062500003 0.519503546875 0.505300353125 0.53014184375
1 0.5901060078125 0.5017730499999999 0.5901060078125 0.5265957453125 0.6060070671875 0.546099290625 0.643109540625 0.547872340625 0.6607773859375 0.49822695 0.644876325 0.47517730468749997 0.6130742046875 0.47163120625 0.5901060078125 0.5017730499999999
1 0.7332155484375 0.3368794328125 0.69964664375 0.359929078125 0.6925795046875 0.40602836875000003 0.715547703125 0.4361702125 0.7667844515625 0.4379432625 0.7915194343749999 0.420212765625 0.7950530031249999 0.3670212765625 0.7685512375 0.3368794328125 0.7332155484375 0.3368794328125
1 0.5971731453125 0.3812056734375 0.6042402828125 0.4166666671875 0.6254416968750001 0.420212765625 0.653710246875 0.3953900703125 0.63427561875 0.35815602812499997 0.6060070671875 0.3652482265625 0.5971731453125 0.3812056734375
1 0.4628975265625 0.359929078125 0.4664310953125 0.40602836875000003 0.501766784375 0.423758865625 0.5371024734375001 0.388297871875 0.5335689046875001 0.359929078125 0.514134275 0.34397163124999997 0.4628975265625 0.359929078125
1 0.144876325 0.40602836875000003 0.1519434625 0.37765957499999997 0.136042403125 0.3687943265625 0.11660777343749999 0.3989361703125 0.144876325 0.40602836875000003
1 0.355123675 0.22695035468750002 0.23851590156250002 0.230496453125 0.219081271875 0.2606382984375 0.23321554843749998 0.40602836875000003 0.371024734375 0.41312056718749995 0.3886925796875 0.40957446875 0.3992932859375 0.37765957499999997 0.39575971718749997 0.24645389999999998 0.355123675 0.22695035468750002
1 0.14134275624999998 0.2854609921875 0.1519434625 0.264184396875 0.125441696875 0.25177305 0.11660777343749999 0.27482269531250003 0.14134275624999998 0.2854609921875
1 0.144876325 0.1648936171875 0.16254417031249999 0.143617021875 0.125441696875 0.127659575 0.11660777343749999 0.15780141875 0.144876325 0.1648936171875
1 0.48233215625000003 0.23404255312500002 0.4628975265625 0.27482269531250003 0.4787985859375 0.297872340625 0.505300353125 0.299645390625 0.5300353359375001 0.27836879375 0.5265017671875001 0.2535461 0.51060070625 0.23404255312500002 0.48233215625000003 0.23404255312500002
1 0.6095406359375 0.23404255312500002 0.5971731453125 0.27836879375 0.6130742046875 0.294326240625 0.636042403125 0.29255319218750003 0.650176678125 0.28191489375 0.650176678125 0.2570921984375 0.63427561875 0.23404255312500002 0.6095406359375 0.23404255312500002
1 0.729681978125 0.2907801421875 0.7597173140625 0.2890070921875 0.7667844515625 0.2535461 0.7332155484375 0.230496453125 0.7173144875 0.2712765953125 0.729681978125 0.2907801421875
1 0.87279151875 0.28191489375 0.8798586578125001 0.2535461 0.856890459375 0.24822695 0.8480565375 0.2712765953125 0.87279151875 0.28191489375
1 0.72084805625 0.15780141875 0.7385159015625 0.16843971562499999 0.7632508828125 0.15425531875 0.7544169609375 0.124113475 0.724381625 0.1294326234375 0.72084805625 0.15780141875
1 0.6042402828125 0.15425531875 0.6254416968750001 0.1613475171875 0.639575971875 0.1365248234375 0.63427561875 0.124113475 0.6130742046875 0.124113475 0.6042402828125 0.15425531875
1 0.505300353125 0.1613475171875 0.515901059375 0.1365248234375 0.4929328625 0.127659575 0.48409894062500003 0.15780141875 0.505300353125 0.1613475171875
1 0.3851590109375 0.1613475171875 0.3922261484375 0.1329787234375 0.37279151875 0.127659575 0.360424028125 0.1471631203125 0.3851590109375 0.1613475171875
1 0.26501766718750003 0.1613475171875 0.27208480625 0.1294326234375 0.2526501765625 0.124113475 0.24028268593750002 0.1507092203125 0.26501766718750003 0.1613475171875
1 0.13784319843749998 0.5282537625 0.157734809375 0.5057741140625 0.12374414843749999 0.496731978125 0.13784319843749998 0.5282537625
1 0.15545748125 0.689558840625 0.13784319843749998 0.671873709375 0.12168125468749999 0.6918556 0.12914059687499999 0.701846628125 0.15545748125 0.689558840625
1 0.122924515625 0.73681489375 0.1254109265625 0.75055253125 0.144264540625 0.75508253125 0.122924515625 0.73681489375
1 0.4697838515625 0.555728865625 0.4362168203125 0.555728865625 0.45207043125 0.5753604078125 0.4697838515625 0.555728865625
1 0.54438643125 0.185521840625 0.565521190625 0.20425487968749997 0.57146180625 0.176601946875 0.54438643125 0.185521840625
1 0.3289480734375 0.14852036562499998 0.333038484375 0.175530865625 0.35914617656250003 0.1705354078125 0.33552489375 0.13556703125 0.3289480734375 0.14852036562499998
1 0.6886003109375001 0.8471564578124999 0.67119521875 0.8271745703125 0.6777947484375 0.8674088578125 0.6886003109375001 0.8471564578124999