0 0.867491165625 0.124113475 0.22084805625 0.12056737656250001 0.11660777343749999 0.1329787234375 0.1130742046875 0.877659575 0.132508834375 0.893617021875 0.35335689062500003 0.891843971875 0.8074204953124999 0.8865248234375 0.8798586578125001 0.8386524828124999 0.8833922265625 0.1648936171875 0.867491165625 0.124113475
1 0.35159010625 0.22695035468750002 0.23498233281249997 0.230496453125 0.219081271875 0.267730496875 0.23321554843749998 0.40602836875000003 0.374558303125 0.41312056718749995 0.3992932859375 0.37765957499999997 0.4028268546875 0.264184396875 0.3922261484375 0.24645389999999998 0.35159010625 0.22695035468750002
1 0.355123675 0.450354609375 0.3215547703125 0.487588653125 0.3215547703125 0.53014184375 0.34452296875 0.5567375890624999 0.3851590109375 0.5620567375000001 0.4204947 0.5407801421875 0.4275618375 0.484042553125 0.3939929328125 0.450354609375 0.355123675 0.450354609375
1 0.773851590625 0.6294326234375001 0.7473498234375 0.609929078125 0.6130742046875 0.6134751765625001 0.6007067140625 0.643617021875 0.6042402828125 0.7712765953125 0.65547703125 0.794326240625 0.7385159015625 0.796099290625 0.777385159375 0.7748226953125 0.7950530031249999 0.732269503125 0.7950530031249999 0.6790780140625 0.773851590625 0.6294326234375001
1 0.24204947031250001 0.7127659578125 0.215547703125 0.7393617015625 0.215547703125 0.7712765953125 0.23498233281249997 0.797872340625 0.2685512375 0.7996453906250001 0.30035335625 0.77836879375 0.3038869265625 0.7393617015625 0.27738515937499997 0.7127659578125 0.24204947031250001 0.7127659578125
1 0.48233215625000003 0.23404255312500002 0.4628975265625 0.2712765953125 0.48233215625000003 0.297872340625 0.512367490625 0.296099290625 0.5300353359375001 0.27482269531250003 0.5265017671875001 0.25 0.51060070625 0.23404255312500002 0.48233215625000003 0.23404255312500002
1 0.4787985859375 0.3510638296875 0.4628975265625 0.3705673765625 0.4664310953125 0.40602836875000003 0.508833921875 0.420212765625 0.5265017671875001 0.40957446875 0.5335689046875001 0.3705673765625 0.51766784375 0.3510638296875 0.4787985859375 0.3510638296875
1 0.7332155484375 0.34042553125 0.69964664375 0.3670212765625 0.69964664375 0.41312056718749995 0.7332155484375 0.4361702125 0.7667844515625 0.4343971625 0.7915194343749999 0.4166666671875 0.7915194343749999 0.3670212765625 0.7650176671875 0.34042553125 0.7332155484375 0.34042553125
1 0.24204947031250001 0.47517730468749997 0.222614840625 0.49822695 0.222614840625 0.53014184375 0.24204947031250001 0.546099290625 0.27561837499999997 0.544326240625 0.29328621875 0.5265957453125 0.28975265 0.49113475156249997 0.273851590625 0.47517730468749997 0.24204947031250001 0.47517730468749997
1 0.49646643125 0.59574468125 0.4699646640625 0.6152482265625 0.4628975265625 0.640070921875 0.48233215625000003 0.673758865625 0.515901059375 0.6755319156249999 0.5406360421875 0.643617021875 0.5406360421875 0.622340425 0.5212014140625 0.5992907796875 0.49646643125 0.59574468125
1 0.729681978125 0.46808510625000005 0.7031802125 0.4946808515625 0.7031802125 0.5372340421875 0.729681978125 0.5602836875 0.7667844515625 0.5585106390625 0.7950530031249999 0.5336879437500001 0.7950530031249999 0.4946808515625 0.7650176671875 0.46808510625000005 0.729681978125 0.46808510625000005
1 0.5971731453125 0.487588653125 0.5865724375 0.5230496453125 0.6130742046875 0.546099290625 0.639575971875 0.547872340625 0.6607773859375 0.5017730499999999 0.644876325 0.47872340468749996 0.6166077734375001 0.47517730468749997 0.5971731453125 0.487588653125
1 0.6042402828125 0.40957446875 0.636042403125 0.4166666671875 0.650176678125 0.40602836875000003 0.646643109375 0.3705673765625 0.6060070671875 0.3687943265625 0.6042402828125 0.40957446875
1 0.5971731453125 0.2535461 0.5971731453125 0.27482269531250003 0.6060070671875 0.2907801421875 0.632508834375 0.29255319218750003 0.646643109375 0.28191489375 0.646643109375 0.2535461 0.6201413421875 0.23404255312500002 0.5971731453125 0.2535461
1 0.7455830390625 0.29255319218750003 0.7667844515625 0.267730496875 0.7367491171875 0.237588653125 0.72084805625 0.27482269531250003 0.7455830390625 0.29255319218750003
1 0.36572438125 0.7765957453125 0.3851590109375 0.77836879375 0.4028268546875 0.75 0.37279151875 0.734042553125 0.356890459375 0.7570921984375001 0.36572438125 0.7765957453125
1 0.512367490625 0.77836879375 0.5229681984375001 0.7464539 0.5 0.734042553125 0.4805653703125 0.7606382984375 0.512367490625 0.77836879375
1 0.2614840984375 0.65425531875 0.27561837499999997 0.6258865250000001 0.2526501765625 0.6170212765625 0.24028268593750002 0.640070921875 0.2614840984375 0.65425531875
1 0.14840989375 0.65425531875 0.1519434625 0.622340425 0.128975265625 0.6134751765625001 0.11660777343749999 0.643617021875 0.14840989375 0.65425531875
1 0.8692579500000001 0.7748226953125 0.8833922265625 0.7429078015624999 0.856890459375 0.734042553125 0.8480565375 0.7606382984375 0.8692579500000001 0.7748226953125
1 0.505300353125 0.5265957453125 0.515901059375 0.49822695 0.49646643125 0.49290780156249997 0.487632509375 0.519503546875 0.505300353125 0.5265957453125
1 0.8763250890625001 0.27836879375 0.8798586578125001 0.2570921984375 0.856890459375 0.25177305 0.855123675 0.27836879375 0.8763250890625001 0.27836879375
1 0.632508834375 0.1613475171875 0.636042403125 0.1294326234375 0.6095406359375 0.127659575 0.6077738515625 0.15780141875 0.632508834375 0.1613475171875
1 0.505300353125 0.1613475171875 0.515901059375 0.1329787234375 0.48939929375 0.127659575 0.48409894062500003 0.15425531875 0.505300353125 0.1613475171875